17378670807.24018 105.49241076183836 102.25710569910368
17378670808.466957 111.09319296249893 90.48433795515385
17378670809.071117 117.09470186423066 90.1437280055079
17378670809.76485 115.21417327144206 90.13359923394276
17378670810.43295 118.90707169957295 96.49803783720188
17378670811.036972 122.4589115769824 105.70342095409248
17378670811.70194 133.32221417565134 129.15161090565263
17378670812.3018 141.06909342924982 125.11631455682542
17378670812.87405 151.02545045139425 147.14941018420913
17378670813.620678 135.77120894726048 122.22713886145391
17378670814.20366 141.9512865688539 129.18142565772075
17378670814.79863 138.34101114739826 121.39788154530997
17378670815.38999 136.81414481425182 122.42370486762981
17378670815.96014 135.3853942872709 117.7857624136913
17378670816.65149 133.6640299393862 117.68881072874679
17378670817.28923 138.94425193997046 130.21445647879892
17378670817.92732 139.65487277956515 128.8463879170152
17378670818.53172 140.26331709294422 130.49426979498125
17378670819.09927 141.31417203507237 126.40698316283557
17378670819.702362 138.7744591504489 133.90955750111218
17378670820.33864 143.70965337275143 133.57666109825695
17378670820.910572 142.81788545730927 130.62310056237015
17378670821.46283 149.608597815766 143.47906579876073
17378670822.03722 141.12269791338272 130.81867013479894
17378670822.61179 130.1664659947148 111.2153237743351
17378670823.234478 147.5872301809847 142.0250295435204
17378670823.76713 139.4334639576219 128.83423734629423
17378670824.37971 138.57697691272512 121.69497196121671
17378670824.87284 149.43635197660706 131.17908926199175
17378670825.70054 149.71375409507598 142.6622401502568
17378670826.26424 151.05927729190805 146.15511467616145
17378670826.935028 164.12487097841594 160.4901296240416
17378670827.61646 149.39177436676752 149.66236082371506
17378670828.314568 138.40559403497323 130.7264610724092
17378670828.9029 149.676637630416 147.09442577946615
17378670829.51086 155.85530943156022 154.69259665156994
17378670830.11885 143.7074508505923 132.57055735579831
17378670830.67569 137.00365082651416 135.7431614239157
17378670831.28202 146.23395506329751 143.31769800609598
17378670831.96686 128.785097434681 126.44183286538485
17378670832.517952 123.92460133771644 123.21062346061706
17378670833.18444 125.69368004603196 123.55628493276981
17378670833.821472 128.4303039260327 127.6191822090359
17378670834.4145 146.3498685797996 146.04961842988325
17378670835.08903 137.48284660223763 140.62341400301332
17378670835.78775 133.13037014565612 124.17183709489615
17378670836.429058 137.97203578440528 137.6346713392663
17378670837.006832 138.28239026272726 137.36104710718487
17378670837.70641 137.95643274096247 129.2441605237732
17378670838.38926 145.18974684825378 147.01397489121914
17378670839.081642 156.85609061937407 nan
17378670839.73291 156.33181181113102 nan
17378670840.36986 151.38447826731021 157.13047201575705
17378670840.954052 147.2448750088955 151.71603374522522
17378670841.569298 143.8754159063708 146.04676759975982
17378670842.455708 133.64973741091742 124.14737444306617
17378670843.06858 134.9239077312709 129.07607611952014
17378670843.7373 138.91048450261945 135.32630114955185
17378670844.39613 136.48180480651297 132.00472092079542
17378670845.05985 138.1546017455436 131.9645210446816
17378670845.70292 135.25592096266513 119.57967600161459
17378670846.30855 131.91261224744696 114.49895200789956
17378670847.05268 128.7725548911144 111.75901945270239
17378670847.810432 140.376776392791 137.74121773645092
17378670848.470657 142.17565643822113 143.68796137753563
17378670849.207428 144.3689593955313 141.3791703399317
17378670849.90475 144.07937916995817 145.72537365491576
17378670850.57628 144.61468127261494 146.1316979046049
17378670851.21591 145.851300530275 150.05982944364993
17378670851.89417 147.46688647393725 156.65388403645008
17378670852.454628 148.02112317115714 158.7517850043328
17378670853.1361 151.9764389747961 159.80020668162234
17378670853.787178 152.36726882544147 162.55126271358964
17378670854.37219 151.3244145215772 156.46798886604736
17378670854.95554 145.56595365390012 147.61200826032004
17378670855.46068 145.81072318446311 153.62304054220925
17378670856.1226 147.39459969223677 157.55712648497527
17378670856.676582 147.35406191694116 149.36860162190106
17378670857.34375 147.0162656236046 154.07317258031904
17378670857.95337 150.6570080951871 155.5420512290188
17378670858.52511 153.22736379446312 157.42107251657836
17378670859.16028 152.20340990194467 156.8526302750697
17378670859.85312 148.58878053445426 157.7975734730883
17378670860.45114 149.3484625448603 163.60623722400103
17378670861.03074 152.32022277715046 nan
17378670861.6025 151.90574183439128 nan
17378670862.19838 151.69970085480927 nan
17378670862.7551 149.81085389123135 nan
17378670863.38528 152.50057585025368 nan
17378670863.99502 153.74632415242232 nan
17378670864.68492 153.16621249870636 nan
17378670865.35119 154.11616911029108 nan
17378670865.964092 156.75733660631803 nan
17378670866.62559 153.93021761943885 nan
17378670867.11937 156.73633921863083 nan
17378670867.70251 nan nan
17378670868.35262 158.90588664771792 nan
17378670869.04253 155.8224343505138 nan
17378670869.5982 156.0676502575935 nan
17378670870.36999 153.47156929258074 nan
17378670870.92629 146.6695022135987 168.5253469572652
17378670871.64045 151.30226136795247 171.30041876348747
17378670872.38875 151.07482229063686 166.60332075766553
17378670872.97788 150.11835623339257 164.41535598649287
17378670873.61219 149.0505588109244 167.32935333432502
17378670874.2248 149.64852426022847 163.5633157027362
17378670874.8845 150.8342273444582 160.18074870111653
17378670875.535 158.22774107600844 161.74883135685667
17378670876.18561 nan nan
17378670876.79664 171.2546294011766 nan
17378670877.54133 nan nan
17378670878.09605 160.75056002409127 161.70405939560038
17378670878.68417 159.99353994009934 162.6024373976834
17378670879.31675 160.6075746575003 163.18046472268372
17378670879.86201 155.20639875426437 159.3779575856542
17378670880.45491 153.1627190468027 157.3499600675874
17378670881.02588 151.55617522813813 158.52785679503515
17378670881.637062 152.44443278278897 159.0068525919128
17378670882.2362 155.6107165970907 161.05226830827897
17378670882.72691 163.91989259225144 163.99737583766733
17378670883.35074 163.2651498262942 166.93790916163192
17378670883.95033 149.95236275482523 157.04481547190773
17378670884.59955 152.1523226255718 156.47054507608368
17378670885.25959 152.3538517232916 153.33253391290373
17378670885.91538 154.89816641311992 157.45680426368546
17378670886.53008 167.8785230395072 162.16077022165865
17378670887.20242 nan 178.36693458706844
17378670887.85373 nan nan
17378670888.57883 nan nan
17378670889.127842 153.8961873965899 155.23400133417806
17378670889.82244 155.42851866786813 156.92353062949323
17378670890.48425 166.9662897497768 163.92879613840728
17378670891.17001 nan 171.310681177495
17378670891.77055 169.19625598334153 166.61924009979057
17378670892.44817 169.15438040445605 171.45942727930336
17378670893.00877 nan nan
17378670893.72007 nan nan
17378670894.39092 nan 176.2607270313027
17378670894.980858 nan 174.30922008650163
17378670895.54625 nan nan
17378670896.18598 nan nan
17378670896.89798 172.62619043876697 nan
17378670897.45996 nan nan
17378670898.1757 nan nan
17378670898.91718 nan nan
17378670899.72074 172.53056244810992 nan
17378670900.325897 168.00851727543915 nan
17378670900.92417 166.66887976899676 nan
17378670901.56744 nan nan
17378670902.13139 168.91740941363503 nan
17378670902.72086 nan nan
17378670903.33216 166.84629697684392 nan
17378670903.860123 nan nan
17378670904.66767 nan nan
17378670905.30547 nan nan
17378670905.93415 nan nan
17378670906.381508 nan nan
17378670907.05098 171.45469008396321 nan
17378670962.51681 48.14586663018593 65.17136639226833
17378670963.09617 113.40540563160245 110.29129430644514
17378670963.77512 132.56834949482467 125.59425199225842
17378670964.39147 139.92137414876615 134.6711609347153
17378670964.92714 127.6835158892029 118.35991298110137
17378670965.43735 131.97322887304654 138.96333535818317
17378670966.04481 123.41210919778209 118.54850556486463
17378670966.63776 124.69190081238298 114.13664374735752
17378670967.18846 110.42350633990544 97.17569475985479
17378670967.78952 90.60282570886724 79.79535871022574
17378670968.284348 84.7291519804698 78.04666129019829
17378670968.950737 69.86175179590938 63.149928001444316
17378670969.546658 79.21624153758124 75.04476349849452
17378670970.20699 106.01002824584673 83.98588835844393
17378670970.84353 115.78217322480867 101.94630118939516
17378670971.485092 122.12717588011076 107.60466053747922
17378670972.04184 120.9060269432451 110.15796813033317
17378670972.83108 120.55419726784231 113.40209718473152
17378670973.47301 117.9383645334314 109.02131669194245
17378670973.934483 118.72264604103887 109.49056033668971
17378670974.7082 117.60031202917406 108.30680038824065
17378670975.38044 128.18261147717126 120.28441793560366
17378670975.77906 122.81950297210948 111.86550552312147
17378670976.50044 121.64556275630096 106.86129491831808
17378670976.91839 121.31207225036526 108.9078154195425
17378670977.56767 127.00349886495732 120.5078804066101
17378670978.202217 112.45622106717003 101.80837035514867
17378670978.83641 111.30257908730943 98.50665346877852
17378670979.46363 112.20073569744211 98.3900546376581
17378670980.11562 118.31383099445449 102.92799929657936
17378670980.75222 119.8604630414526 104.26179373591795
17378670981.40219 117.74574833502842 101.45510352591229
17378670981.95013 116.40338713614614 101.8972454095517
17378670982.72187 114.26272553881215 98.09067418744489
17378670983.231422 113.08512936254411 95.98388791716073
17378670984.01381 111.22644292164586 94.7297708132092
17378670984.50991 109.72021320875942 93.34428707744969
17378670985.294197 111.61362400164681 94.16383659337271
17378670985.93083 112.49779593929567 93.26433327257769
17378670986.58823 108.17592984376871 90.18303800700843
17378670987.214027 107.86060535691374 89.60169595729626
17378670987.72878 124.61778280203886 117.6615049720666
17378670988.28257 144.21104782661357 135.82472112887024
17378670988.915543 156.3914207238991 152.4883002746962
17378670989.56511 122.06008764061453 133.09522737102802
17378670990.18567 127.81505042218696 123.86302063429476
17378670990.79101 126.36983529049574 118.89859113166752
17378670991.32585 124.51201536869992 121.55839372236323
17378670991.96147 135.71359960596558 125.25885327539984
17378670992.51903 131.8809831305199 125.22622808140855
17378670993.14266 111.62497943795809 108.11447552050429
17378670993.80743 111.3297615901289 101.73208520380307
17378670994.59498 109.78679807740991 125.2616143913939
17378670995.22002 105.89669550168725 111.37023795791494
17378670995.88163 104.64491462694066 118.95762164974386
17378670996.33551 108.45177998460106 91.32785809258517
17378670997.144463 113.888446770492 86.44055724319726
17378670997.74871 103.32524931975944 84.74886551751426
17378670998.22982 104.09948831536232 94.44152509346219
17378670998.8322 102.24034801648514 98.05681124809955
17378670999.4818 100.21680417055907 99.86229033023213
17378671000.10154 98.76831458951025 118.3847217002085
17378671000.902107 99.10341513220432 117.8351777230967
17378671001.40188 98.12162467200855 113.0429542216214
17378671055.48642 90.058785842145 88.6001192798517
17378671082.049988 110.01135585489672 92.53683351470684
17378671082.68629 170.68748356485312 131.6884657744715
17378671083.33674 nan 115.36404460162478
17378671083.95514 nan nan
17378671084.59822 97.58008156635718 99.1458543389286
17378671085.239227 135.8646419352116 nan
17378671085.89622 151.43533611653208 130.8252296823161
17378671086.518818 143.67940516267242 nan
17378671087.16234 152.2656891053057 104.7289802975498
17378671087.95972 148.61214131348453 116.88081981101222
17378671088.591072 140.94656707775758 87.6202474769934
17378671089.14623 144.44526665731482 132.88279995755624
17378671089.900402 nan nan
17378671090.51595 106.3150794252962 116.4258277267029
17378671091.17365 125.58762825051087 nan
17378671091.80118 135.83815257861212 nan
17378671092.438618 75.38528213485439 nan
17378671093.07607 46.51996129174074 nan
17378671093.738503 49.91114623947644 40.806955793905324
17378671094.51283 36.22775131486657 62.07619565124369
17378671095.28311 106.1874223326348 109.08672260280981
17378671095.79908 94.17333583072683 106.1480103114805
17378671096.44532 99.90450181281003 107.57748341684619
17378671097.08406 108.92764249499037 108.03379950076472
17378671097.705223 106.83785727996735 104.0682010780682
17378671114.69374 103.39946787712566 77.33187889464078
17378671115.315422 96.85923790285239 84.28563466136848
17378671115.96177 98.9335361789446 65.6536840150572
17378671116.60605 97.75588724665505 68.09296442768574
17378671117.24282 98.1637142844168 63.57260862354533
17378671184.62466 95.57089264023973 90.84809426128729
17378671185.24313 97.89318808078578 93.42849679112952
17378671185.88001 98.73099416915035 95.29774080115526
17378671186.535522 96.10431332593947 90.03266041005543
17378671187.169052 98.50708794596298 90.29493442667153
17378671187.81564 98.81521829866062 89.86883011088248
17378671188.30231 97.82493775187345 90.38125963443999
17378671188.92215 98.29999048211133 91.17963479346635
17378671189.57782 97.99298377524943 88.93992254952951
17378671190.08279 97.44816004163737 89.43528836245726
17378671190.69431 97.41267061522449 90.31609991026207
17378671191.3393 96.61826154805286 90.14571310374649
17378671191.96611 96.41930783360506 89.42718775829934
17378671192.6241 95.89364070443999 89.13086629962156
17378671193.41251 95.17583054496622 88.63415629249323
17378671194.08766 94.77088757591513 88.63879488162974
17378671194.694878 94.14454335480815 87.96152303116648
17378671195.33842 97.27288008766452 86.24936450831117
17378671195.98205 96.66811645154446 87.25327195242393
17378671196.61887 96.30164447437 88.30872618587244
17378671197.25374 96.92439952729929 88.29568380516893
17378671197.889523 97.69668095023971 87.810951864807
17378671198.53092 98.07172294133899 88.17225052614981
17378671199.174038 98.55698958327244 86.94299727273288
17378671199.81669 97.4599777805627 88.5324832837507
17378671200.447372 97.14222019680628 90.77345346640422
17378671201.107 89.40866386559925 95.38143669819696
17378671201.83876 78.9341698897767 94.98287675882919
17378671202.36349 68.51816644675526 93.31576259861677
17378671203.11216 72.44705310686817 89.89998779411923
17378671203.8203 79.09323731904088 93.59589002208963
17378671204.45376 80.33797813777781 93.11795356403329
17378671205.11285 86.05268274752251 96.63599268636602
17378671205.73716 88.45336031731388 92.3487320807634
17378671206.37158 93.5544446138256 81.70486263927462
17378671207.05262 96.31320715091995 88.2330165499064
17378671207.649837 95.04917922342659 88.22322874702833
17378671208.276352 93.8649933383821 95.55779735128
17378671209.0364 94.55426571101707 89.78136533565967
17378671209.627213 95.25798631182987 93.04065296221475
17378671210.21572 94.75440694786496 93.8828608812808
17378671210.844643 95.49055198636303 91.37989034091935
17378671211.57632 103.67591407956601 99.08521263160138
17378671212.11849 103.04658006963555 100.41989825011059
17378671212.77123 102.50753649053054 103.39509348532602
17378671213.496597 100.34609496600461 101.35324449842899
17378671214.06067 99.99447996038921 101.53418282964957
17378671214.68669 95.614407669343 95.30839531212793
17378671215.38871 93.96592644417545 92.13329613508625
17378671216.1373 92.6768960956438 89.3805978021888
17378671216.7622 92.44341684500668 89.24825334775615
17378671217.4139 92.85472816305466 88.03647673621477
17378671218.125443 92.80905006067754 88.85588509957732
17378671218.69843 96.88849267432167 91.6072893453517
17378671219.32513 93.47040716138109 86.8888690035409
17378671219.96624 94.16611512437296 89.90186506363376
17378671220.62069 93.97404905574417 90.14122273643778
17378671221.26016 98.22058504126747 88.70286624970514
17378671221.87569 94.80278378345399 87.37816359942035
17378671222.52406 95.78731898784038 88.25479274873824
17378671223.15744 94.75159897141945 88.21537870193565
17378671223.81507 79.2467129577248 89.84758056156741
17378671224.46155 69.00129986943803 91.95365093886268
17378671225.13541 68.41161634279946 93.33208579874513
17378671225.72543 88.23148795625637 100.12469816139215
17378671226.36575 90.15602568613023 94.13402463327277
17378671227.00066 91.13790816576656 95.71254789795555
17378671227.65543 91.13335600293712 94.1469496641336
17378671228.290527 91.01966702588739 90.94821284780245
17378671228.97686 91.20361832148019 92.07327170301062
17378671229.61692 89.69413286611316 60.46875654395422
17378671230.23122 100.42029661885407 78.68722175812952
17378671232.77552 87.66599704362605 97.21455180225318
17378671233.49759 93.06514062561605 78.8809076625786
17378671234.1281 93.10975693447813 98.34184028161748
17378671234.82397 94.77920248223666 63.38376389701458
17378671235.4614 95.80574669866174 70.06281932352863
17378671235.96356 90.84652758056627 104.16210509325516
17378671236.72338 90.27645083785048 95.42944925520122
17378671237.25901 97.32655296231141 97.42939551078254
17378671237.89881 89.94208686662816 87.16188017335435
17378671238.746468 95.06393372264223 95.6611975959958
17378671239.46117 89.30182016987503 94.22721717467954
17378671239.94868 95.16908615077818 94.39071017377117
17378671240.69449 98.24633707966316 95.06431114346611
17378671241.25399 100.43380708165658 97.05310023785884
17378671241.88721 94.80702862529697 97.17992637545615
17378671242.56833 99.04339790003453 94.13488242661478
17378671243.281837 97.32970129187595 85.85378008291615
17378671243.80076 96.76890614725818 86.4815672124255
17378671244.34089 94.68332922297893 95.9532386447176
17378671245.05814 95.63152205316247 90.43501987385
17378671245.75269 95.5157036777991 89.38376803381375
17378671246.5379 95.87085243147452 98.2754662556813
17378671247.32001 97.86850420252496 95.99772595845221
17378671248.10544 94.98455333501269 97.29048995315853
17378671248.76054 95.84632140804823 97.96015366398893
17378671249.24972 96.49543414080028 97.32391048942742
17378671249.89435 96.8773052270547 99.93271754545788
17378671250.53049 96.65469991302926 97.58553308731723
17378671251.491028 97.07619963172483 101.41070056492343
17378671252.1699 95.54430578776586 105.42648067453123
17378671252.77085 95.42088583605779 105.6849653963652
17378671253.39912 94.75419305314693 104.38157222914904
17378671254.0435 94.40137950281353 115.18382159826653
17378671254.68811 94.58416054792858 117.50767309878819
17378671255.344578 94.70815031581961 118.69666925159552
17378671255.9803 95.20972695874094 108.79314645985464
17378671256.60594 95.47424587753837 104.47056558853326
17378671257.25157 92.86195582355307 91.01049669668133
17378671258.04896 97.97644322964001 101.131920638853
17378671262.84709 93.71424875962633 146.77778200202397
17378671278.84082 123.94173455753507 116.12404654289136
17378671279.60428 115.55988890931181 86.86868690786073
17378671280.22585 nan 90.15456840729583
17378671280.7762 156.61102690276547 97.95626061486367
17378671281.40825 125.99990188223374 92.17480027669234
17378671282.04503 89.4977750344161 87.75180080340175
17378671282.70575 91.35548770308635 89.63734012954356
17378671283.226162 128.39292841722036 100.30279938463094
17378671291.445488 133.85762654769403 120.57982039553579
17378671292.19615 130.00150477855502 119.13950264112587
17378671292.92564 127.71980434206709 118.41259285809913
17378671293.50419 123.00837864218934 111.62690853843574
17378671294.03279 105.71452663379584 107.84085817751283
17378671294.67422 106.46142081792505 107.84723588648717
17378671295.25352 102.5084860428021 123.19615380327764
17378671295.97958 101.51909449127028 113.1732373514247
17378671296.45824 102.87274138183571 128.8576884979424
17378671297.04251 110.42435752615708 88.17903630921566
17378671297.70908 160.40807635087418 118.84320448412903
17378671298.28574 147.5370199671634 96.61000151412787
17378671299.01373 135.83406977480817 80.4768380872002
17378671299.485992 132.90916533288802 94.69926028682329
17378671300.12779 135.38259606575375 99.57456307005022
17378671300.71116 132.25983854784286 107.1942863803062
17378671301.40558 132.15105347712984 97.77107482312326
17378671301.95869 111.77159370170284 114.14090717627323
17378671302.62624 126.76769926409406 84.9081823834497
17378671303.21236 126.65387291944643 71.8261048465809
17378671303.85028 115.1294432378447 115.46220991318903
17378671304.52546 138.15681158685135 152.59439789972518
17378671305.125957 141.43724646713898 139.90262325666083
17378671305.8256 143.90874777445143 139.6969089619383
17378671306.45818 151.28886304004297 164.70581176022156
17378671307.04903 157.8462947792835 nan
17378671307.53205 151.92235108793687 nan
17378671308.208908 176.55746300931642 nan
17378671308.77407 162.8069675086107 nan
17378671309.253357 154.86978762684765 nan
17378671309.89747 161.92582138606113 nan
17378671310.67668 147.08766527586604 nan
17378671311.26413 149.21349490563665 176.09825721149664
17378671311.87761 149.0170265422475 168.59084495829657
17378671312.60445 141.30511655673206 144.85284679853478
17378671313.09369 145.03236952800762 156.80545342936279
17378671313.80014 145.15004484797626 166.9032424099206
17378671314.27739 144.3703215627554 163.95004351070926
17378671315.0701 144.16521602005895 nan
17378671315.49544 143.0321746408964 167.8603792080493
17378671316.22428 145.32758631623935 167.50656755370264
17378671316.781548 145.459866336793 167.44269927698483
17378671317.48977 147.2071518875856 171.48567161170538
17378671318.0616 146.01728513240482 158.93476843698298
17378671318.79192 145.79624243503503 160.7770631029836
17378671319.51751 149.18466256405438 166.82987279045597
17378671320.12223 151.32932531728315 nan
17378671320.84315 160.3119510957073 nan
17378671321.419388 155.31515151061492 nan
17378671322.11772 134.54500943805064 137.40801842914914
17378671322.9072 124.1698211735432 144.04813953724752
17378671323.41931 115.44283031780195 114.61560415817664
17378671324.21148 101.2150141000887 85.17277635386608
17378671324.67472 108.15213469343394 97.12078965840293
17378671325.48972 111.63858150516785 102.63605064864728
17378671367.49888 98.71018137106957 89.87684567773519
17378671368.11991 95.81515941195944 88.70709051295599
17378671368.77406 97.82038934732718 87.11816294280985
17378671369.42953 97.08501382937175 84.2359948067991
17378671370.0532 94.35217999449043 88.82105142169303
17378671370.76776 95.63162730620577 88.7428857552018
17378671371.658512 94.85629126604444 87.96577399770769
17378671372.34165 99.80891278934769 89.18907739399589
17378671372.94345 97.65486017732941 86.72405007356558
17378671373.56317 95.78667664201899 87.74341580530724
17378671374.2259 97.24665284919655 87.33635231766023
17378671374.696392 97.77995580211274 86.99386812657
17378671375.34134 97.6658369417816 87.69199263857662
17378671375.966812 98.36471120222339 85.99898576373647
17378671376.62496 97.8291378446006 85.97034302854692
17378671377.095688 97.21733800242767 86.05783865136425
17378671377.725227 96.71415038293543 86.80726025428692
17378671378.35729 96.70594364452262 88.04480441989027
17378671379.01449 94.06860694170504 88.41271221590597
17378671379.65463 93.19959970979711 87.89790173190329
17378671380.34864 96.92368667297325 89.27253987484748
17378671380.94767 93.1049453091976 94.87305081490975
17378671381.53301 91.46389984119718 93.5240028176951
17378671382.04534 92.50809446253588 96.20410108671105
17378671382.70367 91.80573115052522 97.07952090166414
17378671383.353333 92.2166511446754 97.36341738173154
17378671383.97433 90.27010461311971 83.45939897145006
17378671384.60976 91.96364586397009 69.7370254987052
17378671386.867363 79.414885950131 94.36961951881338
17378671387.97206 82.71549078065662 95.21595603114879
17378671388.45943 79.43076095000575 89.58425486295627
17378671389.25415 89.57281262313623 77.80974789344211
17378671389.86752 81.23878934782435 80.7770371749979
17378671390.53078 92.05468405813755 78.93447592115976
17378671391.18494 90.67980637824505 75.56699804153365
17378671391.81607 93.37630715312122 74.73470990609158
17378671392.45894 92.8942516418936 71.05299546565429
17378671393.10332 92.19477442829178 81.14037167851804
17378671393.74066 92.01342505970808 83.51205595434917
17378671394.36873 102.80320959601563 83.16038434775541
17378671395.00068 92.11949185805834 92.95668049261941
17378671395.6391 89.81150656512573 104.37541299707881
17378671396.374138 77.81444380734366 89.55217527675606
17378671396.9426 70.26219277358669 92.30237390294054
17378671397.56982 72.45716560718617 90.95677092344805
17378671398.20434 90.78827860499537 98.05004176814647
17378671398.85328 95.86772042517717 97.63343391138783
17378671399.504 95.47275616090499 101.69593931156402
17378671399.9783 91.242308316268 86.49447792925605
17378671400.63255 93.33332310300611 64.12341614193991
17378671401.57931 95.21959228306459 91.15064108712012
17378671402.19966 97.46172654277481 78.12923205225079
17378671402.85633 99.62646038138132 86.3576724236601
17378671403.4932 99.57919066317356 90.68210909539873
17378671404.13696 83.45729357995609 98.06708798204745
17378671404.79705 76.5615633325653 90.94743356936662
17378671405.561977 87.60551597511184 90.13336071702689
17378671406.21569 86.58230061238955 92.12151119618765
17378671406.86398 91.7366451430261 64.22189322614847
17378671407.57898 94.68344080291929 66.08460537536595
17378671408.13597 96.00971878612631 91.22270844427997
17378671408.6113 96.45117083238382 69.56260915671331
17378671409.23976 98.69544851108364 94.33450631995933
17378671409.90614 94.40702055883466 92.3301896310276
17378671410.53373 95.73544369900632 87.23448553538726
17378671411.17451 83.7191338100177 92.25282295638648
17378671411.916348 77.79260727894564 92.05258760640167
17378671415.82455 97.77812949418409 96.78259601388193
17378671417.40345 93.42600816900102 83.71580491714292
17378671424.29456 93.32278787464047 76.41265189808293
17378671424.927372 93.10312359168984 111.10945999719057
17378671425.56449 92.79298656209747 81.17882394331667
17378671426.142532 101.48510592021461 95.38324962039609
17378671426.70556 104.32641773204669 91.57301709553073
17378671427.3424 104.74421533035003 101.2779839977058
17378671428.76539 80.41796479818203 83.41515042373597
17378671429.50394 82.9039512736407 80.10257129229379
17378671430.13273 86.12916052006453 92.97413239006997
17378671430.73098 98.90590553069124 101.0227952966612
17378671431.51571 96.80215272126294 104.8626660582887
17378671431.903862 99.93524426249014 104.80272384789879
17378671432.60726 102.58907415007113 96.52382564255221
17378671436.79039 52.582398832882376 nan
17378671437.42176 55.78251746506143 13.886193428554403
17378671438.075783 103.99356101696083 116.82821694822951
17378671438.65503 91.06546723754573 65.1994303795158
17378671439.2849 111.81270573144846 134.60024752679834
17378671439.9619 135.40515291885168 nan
17378671440.60817 139.2933856985081 nan
17378672505.06406 92.76852606184757 93.85761248537807
17378672505.86485 92.22925583934294 88.67607153345955
17378672506.5504 92.26372185393886 105.09227758436415
17378672507.15414 92.6627988863693 82.51566021841161
17378672507.82131 89.08604125740736 82.3558937195936
17378672508.432728 90.70017095670887 87.20362021901165
17378672509.22626 92.37743219538407 95.61652741417768
17378672517.549652 72.3818192712987 86.60123499519915
17378672518.20242 76.5691085524294 90.00999351629952
17378672518.67788 93.37630540195123 107.77412868171889
17378672519.4663 87.90056130630593 103.95118980373023
17378672519.97097 86.84938705800919 90.020993812061
17378672520.620502 95.03600986106377 89.15659710184268
17378672521.38303 97.4706838899241 64.56460487228614
17378672521.91531 97.47503812173743 69.54644248973511
17378672522.527203 94.55216098373 97.15548437241979
17378672523.16531 94.07584956133951 75.27297958974661
17378672523.760048 92.43787543933698 83.27437605462333
17378672524.289528 93.40170613472527 86.5454465600037
17378672524.76613 67.01826580564955 90.46778424344338
17378672525.47875 66.26198009043298 92.28844467821075
17378672526.0608 70.75655460825791 100.04356965530124
17378672526.67981 82.76680670134702 84.1050223224106
17378672530.04679 90.54661759596046 69.57831503246472
17378672530.795242 91.10431142196703 90.1002154580464
17378672531.6363 93.55699118362412 90.43850109037757
17378672532.28663 88.91672516109345 87.07075009084204
17378672532.93977 92.57672544571308 90.6505850112958
17378672533.71896 89.36163311885029 93.48473284164722
17378672534.25025 98.85126460100287 81.81102541753951
17378672534.96589 94.44820506683878 105.88427095080134
17378672535.56876 94.85512737035529 94.18114903043364
17378672536.20858 95.09259966854412 95.50110952325433
17378672536.86182 92.54109986534097 96.12867198248185
17378672537.40519 92.03289179076094 88.42456726104889
17378672538.1316 93.4509900712145 84.13226909233137
17378672538.692688 94.43399430778247 94.00683604616584
17378672539.30892 101.61620654815192 95.11395315036445
17378672539.97531 107.13989432945372 93.2505166937329
17378672540.6071 128.52406821944354 90.60696302842537
17378672541.24994 117.80695876373412 93.20163967406218
17378672542.04445 72.89823752188138 85.83960360053624
17378672542.66307 84.27565206775431 79.4726385849988
17378672543.24419 86.10873355889848 77.14796778774536
17378672543.8125 101.32338363091229 88.1703339321714
17378672544.43733 99.92002938336682 80.81030396890911
17378672545.24715 100.8616586998173 110.65525805204557
17378672545.90873 102.88743972198098 90.60536004397218
17378672546.49328 94.90542429157719 91.49689556956322
17378672547.006927 102.6007197813676 95.80239545123102
17378672547.6424 109.59649192934356 85.30536431166678
17378672548.27987 104.77987829696205 90.11857651762551
17378672548.96094 115.2716963492349 90.96051975386229
17378672549.39425 117.69727608929654 101.62481186934411
17378672550.04126 95.70029603661031 91.03700843612306
17378672550.68504 96.22437128816023 91.42798776358862
17378672551.3244 99.84946101521638 90.02829178005675
17378672551.96648 106.0528707404226 82.8474404807318
17378672552.61454 115.85311190715565 73.58764871882977
17378672553.246872 106.5946642944718 78.73129844361581
17378672553.8699 105.25231737475816 84.1861615996562
17378672554.5222 97.76291227036523 87.7281885141778
17378672555.17268 97.05821794484856 87.81384370287167
17378672555.81478 97.04594273587524 89.67109255898436
17378672556.44437 114.94326442519096 112.59780776166791
17378672557.07222 99.47389463413074 104.5227496101236
17378672557.79669 71.15480176099935 99.94147754085033
17378672558.3763 95.21014298046579 95.53089966180391
17378672559.00414 97.5804233551831 92.44820676415361
17378672559.628822 99.01832377864 93.18105243764202
17378672560.28665 101.34164861923843 88.71465005246942
17378672560.9793 100.0676789091111 86.74819497453034
17378672561.56483 124.35866669649633 98.06058074786894
17378672562.20433 102.82143662140773 91.6563289396272
17378672562.85873 110.79820078174781 89.13241773793521
17378672563.4765 110.92017621595582 86.05206738736794
17378672564.13048 115.45173766160104 83.45747615895078
17378672564.99063 111.23750137065733 84.0929308343623
17378672565.565292 90.47889260452655 94.43516151628313
17378672566.30265 92.25830875753253 91.25989261074616
17378672566.9331 99.32097334271626 87.94916840043723
17378672567.51271 98.66147671479975 83.19097360678687
17378672568.28096 108.72028331674511 86.99727360706397
17378672568.98952 104.0537194522031 108.6387868283294
17378672569.65688 100.89448914169772 100.35030068157003
17378672570.29752 98.40982492513652 88.63694401609764
17378672570.83461 95.76859841351923 92.1430453401205
17378672571.47816 94.70921485407432 93.27589953269694
17378672572.13943 94.38527019208419 89.59539996847177
17378672572.99535 105.67367970245832 88.14396135892552
17378672573.57333 97.44223812036297 82.1032644764669
17378672574.20641 100.62185307728065 84.27970802511031
17378672574.84406 99.35555308216166 86.7632538982677
17378672575.49212 98.59422025101307 92.1246339800789
17378672576.14577 98.22693278149374 89.2497696347668
17378672576.930397 98.55806311324187 87.85058884686158
17378672577.57068 104.63977690075565 88.15121276360222
17378672578.20225 110.63673435266337 93.93907916190838
17378672578.847908 104.79611629940763 101.87830565571214
17378672579.486588 103.5726794748968 91.37905091133284
17378672580.13561 100.22039592100484 93.19927674561137
17378672580.60545 104.03625292294677 88.3363665121213
17378672581.24718 100.7765541124642 91.1740730084816
17378672581.88031 100.60337948517835 91.472038994437
17378672582.53061 101.29565999822387 88.82604242568684
17378672583.175472 100.87358976164626 87.23036806754513
17378672583.78884 102.8204984893676 85.9823518769753
17378672584.4286 102.83752360420073 85.48270107456057
17378672585.09429 102.47394709401117 86.02531020607155
17378672585.7315 101.63188868013069 88.45781456717064
17378672586.37815 101.56975246545099 89.79877407975766
17378672587.174103 101.26342096971604 89.6854773895885
17378672587.80435 100.73716522435872 92.06164289614075
17378672588.431698 100.78249439046866 91.84231273834455
17378672589.08624 100.97134508546213 92.6960107812855
17378672589.71641 101.62035686563014 90.62477636604642
17378672590.36871 99.89755928293623 90.98985544192584
17378672591.018837 100.25127721071254 91.00679475103846
17378672591.64468 103.13089881380252 100.01430703422965
17378672592.28881 103.29362212035677 104.89801037541652
17378672593.032738 100.3740656822826 101.33285201528028
17378672593.55698 97.73837005220803 92.5687639255008
17378672594.2546 95.34028992046187 84.18483406295172
17378672595.02592 98.0046086259784 92.38757444110082
17378672601.72174 107.09485937064744 66.53184724672475
17378672602.3735 108.18302019737293 81.21305187870409
17378672628.40464 76.84759494090817 86.83073442716339
17378672629.051632 90.081149720581 90.84659535098513
17378672629.71862 98.13541127002591 97.18819813713436
17378672630.40955 97.89325591762749 93.64767560634196
17378672631.00346 97.36705886792973 93.46176193647075
17378672631.47795 96.97039152598934 93.66033895207403
17378672632.13938 96.30608903514424 93.63804347379683
17378672632.76877 96.55339481577667 94.12351942992287
17378672633.40559 96.76797900678525 91.75666245026873
17378672634.07422 98.01980158731838 90.75562743072503
17378672634.70303 97.02606574999828 88.8966749939924
17378672635.31612 95.33425498048658 88.44865892640381
17378672635.96251 96.20628607367865 94.5427913560061
17378672636.61491 98.18457848308947 96.20855683385435
17378672637.247692 96.52752133036972 91.8335157743381
17378672637.89596 98.63939576032895 90.86164644460644
17378672638.68785 99.62194182028485 93.13324447772656
17378672639.32688 99.08840581520087 90.53844933710145
17378672639.98188 98.49208946875615 95.41025291196657
17378672640.76161 98.69699418295329 94.7683788377628
17378672641.40112 97.8194051459486 85.46102797301818
17378672642.0861 97.60317019213707 85.35230153358873
17378672642.68308 99.89011206316484 84.51644161775654
17378672643.32288 81.13021522691443 82.17550344622809
17378672643.991028 86.21764835774911 80.91332804033007
17378672644.58479 92.92151115104747 84.89121213224013
17378672645.0943 96.88622383680152 84.13868288397175
17378672645.716232 100.15093401375191 94.41648336163883
17378672646.37037 99.8475528905012 89.94143485505955
17378672647.09944 100.02255178735382 88.91848200626804
17378672647.64925 101.08709537424863 90.00564240643948
17378672648.29656 101.25866329644361 89.55639504777538
17378672648.91848 99.33555035537232 89.62846360970924
17378672649.57347 97.71367614001899 90.81142980886315
17378672650.21586 96.63666971928119 89.4767157231031
17378672650.84204 95.33797661124729 90.17143614566344
17378672651.38055 96.19695038853004 90.58889067249986
17378672652.12616 96.25775284096369 91.22830806710135
17378672652.77776 96.9011300886484 92.51912963176807
17378672653.40942 94.84617593184069 89.02663241150195
17378672654.10735 95.24251031143795 89.37073576015173
17378672654.69268 96.02767258020211 89.26020248820286
17378672655.31258 96.95199743187558 89.09586233378855
17378672655.97736 97.50316424722328 89.4820472839875
17378672656.59497 97.71691631334596 90.02669772370605
17378672657.270752 97.0647781453661 90.07101410480435
17378672658.05423 93.53587526707923 93.0592173513842
17378672658.696922 87.76637094219672 90.02933793091144
17378672659.48165 79.44033107220591 88.51770633458993
17378672659.96844 78.55048220998353 84.93064539307828
17378672660.6041 82.66670089595334 86.13895535685617
17378672661.25362 76.09566452122247 79.14003577171545
17378672662.04454 77.00484603477283 87.63751130234799
17378672662.68429 76.72028819003502 85.9632363549214
17378672663.330658 83.70434768970003 84.7245211989755
17378672663.964317 95.05620274168822 91.19620628970155
17378672664.72654 96.30406238009157 91.34948550213194
17378672665.25618 97.6590655091029 88.6971078389878
17378672665.88814 99.60112722593132 90.29567996036545
17378672666.52487 96.97548827185555 90.1358240313957
17378672667.176163 97.3041125921768 89.7746095780303
17378672667.81875 95.70320925684983 89.22649228082358
17378672668.5955 95.60536368917641 81.4258770631616
17378672669.56721 94.67399257089627 82.16558611502806
17378672670.12376 95.47850003714686 83.03627451585956
17378672670.68691 97.19141223641577 83.751676384585
17378672671.32269 96.4405632251217 94.74865561864992
17378672671.964508 96.15818468417501 88.82675926277322
17378672672.60835 96.1710630426015 88.57460230206722
17378672673.2555 96.28470073054426 88.84181876711897
17378672673.899 95.76613561441187 88.25061506228583
17378672674.68645 96.43015690253623 89.40447123643793
17378672675.32116 95.12847043691238 89.12031181865535
17378672675.96806 97.40206944680483 89.14456534369987
17378672676.60458 97.73286405565273 89.69796666767334
17378672677.23523 102.36728232602854 90.29917471360159
17378672677.88968 96.2429550723465 91.27272901956262
17378672678.36612 95.0505164125527 89.5385634200245
17378672679.00311 92.79092057245154 87.0963698017628
17378672679.642822 90.21596365043156 76.96333214774288
17378672680.29452 87.816916351103 96.20387446632554
17378672680.92128 90.17455420968295 94.27707214895234
17378672681.58787 93.60612382167483 86.1477706664944
17378672682.164978 94.40102767637924 77.5891646062426
17378672682.99832 93.82341173715447 88.25751919238483
17378672683.64399 91.05634839033972 77.54270450931969
17378672684.28969 101.60578304915201 85.31670118134093
17378672684.92161 94.77290612872869 89.1362458187946
17378672685.56154 100.6130524555061 89.56851287958429
17378672686.20786 95.21648112161743 92.70810746957756
17378672686.85295 88.70957700874331 94.7326016807671
17378672687.45136 90.29212922287932 97.50913556388207
17378672687.97254 96.22717389952321 94.98027826250178
17378672688.65905 95.91920540923323 96.60510688538116
17378672689.23597 93.50714017066764 37.765433824358446
17378672689.76148 93.32731605800075 52.68412440581367
17378672690.52304 94.21525942869658 82.94376402285667
17378672691.01417 91.95678890498561 81.20922069776918
17378672691.64214 94.48589808916694 84.89189041968689
17378672692.294582 97.0339054095696 91.40569806285066
17378672692.9198 98.07825725210485 90.6206900719765
17378672693.56354 98.06524292001866 89.93855634750966
17378672694.20463 98.77809004752042 92.74973145826732
17378672694.86018 98.44544929036635 93.39040046591812
17378672695.475372 100.86744187129734 94.9647528515853
17378672696.15308 99.80683004815874 92.73947394190765
17378672696.9305 101.03932262847283 95.21778146169586
17378672697.56144 98.03599766879968 89.53814345592298
17378672698.20774 98.47869208156794 89.49045631762085
17378672698.85775 97.85771841009904 89.56802148160972
17378672699.4976 97.47821587947885 90.47077459990797
17378672701.0694 91.3667804119982 91.7031757255381
17378672701.68057 92.65481840993183 97.87265493844187
17378672702.214798 92.95533915961539 94.84523329561705
17378672703.012558 91.14443709380701 85.65617742233026
17378672703.75489 89.3919958524272 88.31848791090127
17378672709.38607 112.92794343619326 101.53382336990681
17378672709.88729 nan 83.33092339371802
17378672710.53296 102.22396551409511 100.67964685148921
17378672711.93896 90.96067422262517 88.45943093880922
