17378673569.90382 144.55551822010705 140.01296494681534
17378673570.48105 126.97246069838525 119.52912474674599
17378673571.06731 135.48517248070544 132.50612311420412
17378673571.65556 135.40711052127463 144.48598650561308
17378673572.26769 137.30507530380902 145.3758685869101
17378673572.85018 162.223267280266 169.05682620084391
17378673573.45646 nan nan
17378673574.039223 174.15570351450634 nan
17378673574.6146 151.35822642180904 163.2917878878978
17378673575.22485 134.47621875244695 126.07108711500814
17378673575.86111 144.8989918778162 148.47764281553637
17378673576.51905 154.1047963742628 157.8379664436047
17378673577.19223 149.73748460671703 146.536333585657
17378673577.790062 161.65106340826648 158.18339407259623
17378673578.35776 158.4139585393572 165.3953877572755
17378673578.939568 nan nan
17378673579.43952 nan nan
17378673580.189583 169.98164106248666 nan
17378673580.81736 145.770671125353 152.6575580860759
17378673581.2045 146.78820094930097 155.70541029911442
17378673581.999977 139.683970517492 138.90944019837355
