3684.774 85.7868761040887 89.35707107687587
3825.665 91.38978973043208 87.932924420187
3895.293 92.87727771864093 88.26343609431204
3958.812 94.3326526473406 89.19548319287833
4018.86 94.16802692882776 89.95109648138737
4079.941 94.21522673655342 89.71850504362435
4171.612999999999 94.46481654461532 90.13884869903107
4238.356 94.82678408394615 90.19871073137226
4297.619 94.26826258231581 90.7529408131092
4359.365000000001 94.28773987513972 90.81792903427544
4419.937 94.08085895714538 90.61584503325082
4481.740000000001 93.75772136962678 90.51941901712472
4545.314 92.64083798308435 89.70603835460462
4606.042 92.4781451575894 89.74130252615059
4669.358 91.56872614283112 89.27397429009723
4729.754 91.38716514313843 89.1197277610832
4791.273999999999 90.31556449119091 89.59439212922301
4859.3330000000005 79.67042753495517 89.62284595159646
4918.954000000001 83.06751529582884 90.51785056920805
4977.837 79.0016674186848 84.15994629643647
5039.764 81.87876363677019 80.83731062980598
5102.661 85.02297731951839 84.52110456665538
5164.54 87.65164874677197 81.63370969441544
5228.072 90.92854914338544 65.19730207373719
5289.903 90.16111134987024 69.89037034077572
5350.956 92.24264796240882 70.92241998433585
5411.8820000000005 89.72858312979476 81.4225857768474
5478.937 84.66014787003223 82.67974653377121
5549.509999999999 83.6375295424076 84.27558042671504
5615.293000000001 86.10398853962509 89.09039664326134
5677.311000000001 89.74876748215075 86.84813453031687
5738.231 90.5550615011703 86.37849779043663
5805.905 92.64690098427334 86.30839757879544
5867.3820000000005 92.55210583489453 76.82027997502817
5925.445 92.42335979887466 67.87774566110521
5990.648 94.51619779238715 68.08721030011498
6051.313 90.18576465631125 80.22316978006553
6111.601000000001 89.43788679156008 81.92644049497237
6174.086 82.71190355976609 85.0007617201711
6244.432 81.88271797833903 87.85591160184127
6310.92 75.77534313226826 88.60020223043186
6371.912 85.75876743693973 84.81988933387731
6432.781 85.98889436306393 82.94530573748477
6494.7210000000005 92.41311465167459 65.68808396007982
6556.211 104.18548035928245 90.64101332975835
6618.088 97.0711900764258 77.15586423411867
6677.589 93.4073422635123 81.35054559395303
6740.78 93.5681435761682 83.41551905900283
6802.6669999999995 92.64340020164849 84.56732807533447
6911.012000000001 92.50062360394011 84.90229542538398
6978.238 69.82149265496291 85.91959841627443
7036.532 68.51373273353101 86.87904569577786
7098.026 91.10479006693572 84.7637134791339
7160.517 92.35698143899288 83.82085526799105
7223.112 93.48973306377904 69.49658727577413
7281.747 94.05708333304642 70.35826700200039
7344.2429999999995 93.906599807883 71.44578644506889
7403.581 93.27189270937937 81.87885212230535
7464.75 92.61094988004844 83.52395313386822
7531.62 98.43686074265182 95.1497389925545
7591.654 95.33062803006965 90.91580140788055
7653.9039999999995 64.31513631723081 89.1305818863268
7717.719 80.2685081945181 89.24982567082364
7776.892 90.5321724642954 88.61672298775296
7842.676 92.97544139804124 87.9472458417587
7903.339 93.10605486433639 86.05110827138644
7962.152 91.84038515760942 78.78312447347409
8051.640000000001 92.0284162855114 80.25769579288392
8120.78 89.70158494840985 82.12983006470807
8179.040000000001 88.6144906650778 87.53704246688984
8240.963000000002 95.55763144512878 86.7544532344027
8306.921 87.65552127085094 88.80995568766306
8367.537 74.52238016291751 87.89807685312617
8431.784 79.73436231730523 87.25633491714838
8493.328 90.43309991670873 87.42304692802723
8555.829 93.21258769879616 86.67805274100904
8616.307 99.79829406745873 90.28822165401627
8679.401 96.02490377660358 88.84924415367298
8740.377 93.23413262906406 85.88399060011038
8802.78 94.57997009433967 84.23452923968212
8864.693000000001 94.14853253279404 85.48643511516052
8927.515 90.7799852706088 86.9382568130196
8986.518 108.45905081867288 89.99298685478001
9048.265000000001 95.73838476686723 89.05729249496618
9115.214999999998 96.4068838966688 88.61638627959856
9185.375 90.11790037492452 87.0098880246438
9254.797 91.93487725182581 82.43082710234923
9318.053000000002 92.69368086279471 80.0949764131741
9379.096000000001 92.18647056100293 80.2703221256448
9441.214 92.61328491284483 84.55807500048469
9507.037 93.60294714779403 85.76601350242414
9566.926000000001 91.15801467733304 86.15070370163907
9642.528 85.44918107881306 91.58052293698815
9706.941 88.88061599078006 90.90705757084956
9769.79 83.30983708426731 88.88155587283843
9831.712 90.22227127913449 75.10607112132567
9892.652 90.2746304867261 59.53020123901093
9956.463 91.67732045716595 65.22794926025408
10017.223 91.54156036309278 86.58330852944236
10076.614 92.57610579809928 87.25737411144443
10138.923 96.27603120858373 84.88568593218201
10202.305 101.19238844254144 84.20756133798234
10262.08 101.50468296305222 89.23282194910131
10326.362 95.8758935102997 89.32383055276966
10386.628 88.80265886614252 88.53203094830734
10447.907000000001 91.1308740321383 84.07902715454581
10512.601 92.81803019699049 87.08957996469344
10575.659 92.74546234420943 83.65740658934523
10634.573 92.35263775329767 83.20119037106238
10690.812 93.17999877406233 87.17158549320654
10755.689 91.71048197798773 86.98575108979693
10816.796999999999 87.78409401670439 85.68394900533698
10876.609999999999 100.44049384648274 89.8386335036137
10940.816 90.03299110141766 88.00902429494893
11004.962000000001 78.12202472123586 86.48440409074028
11064.795 89.01873207430165 85.98640104413091
11125.207 91.49324513561066 88.4573420320786
11189.182 95.84927139101279 89.09693811333639
11252.067000000001 93.79419365717285 79.76049352735834
11311.367 92.1605063784042 85.72956171588673
11377.841999999999 92.53067864884252 88.00219382547104
11433.435 91.05896965721806 84.50939516505917
11498.493 93.75868111869924 85.57844326328086
11567.359 94.95866135524518 90.09986656318601
11625.533000000001 75.66448728877857 87.30201097067696
11687.97 79.82782709666033 84.78675740336077
11749.377 88.54592553416316 86.39342715883787
11810.366 100.84749501222012 99.17037347773228
11875.09 95.74279655253171 88.4901872048759
11936.264 100.81688719207774 103.21702564272542
12003.83 89.77923212678867 82.81141313303965
12066.796999999999 89.79347409138211 87.71029331040327
12124.904 90.108211488528 87.47544122727967
12188.662 90.89974653109427 83.89655720983865
12264.78 73.49035183146768 87.76557332968488
12324.576000000001 72.99008651982277 87.6700664267831
12386.158 90.98021257238427 85.47162050997575
12447.886999999999 92.45865930352205 76.55492456358131
12509.113 93.41209805711473 66.3564457438456
12571.579 99.3043912379819 88.9051300851603
12635.006000000001 92.13747064939915 70.2395601658809
12695.061000000002 91.04334893664743 79.19412749902143
12756.906 91.70914416237589 83.16086789428765
12818.776 96.62072846557967 90.9101072802061
12882.474 101.02783394800339 95.11357842032697
12943.151 89.12033493579564 90.51316901567024
13003.706 79.00830585146878 90.50023796461136
13069.889 89.51420552555625 79.53687786561349
13130.005000000001 91.18541961974519 52.73454733010596
13189.811000000002 90.76309488425431 57.68265533642892
13254.099 92.3942827537905 65.11826259466756
13314.717 90.47401932243763 74.66579583379286
13374.496000000001 91.17008978285114 82.16012892104926
13436.694 91.36698500645737 83.81060764464392
13503.382 97.51838876184844 94.61395342602256
13559.939 98.92681645489189 95.96972493217747
13624.063 93.96433404982537 91.078704662342
13722.777 91.63244349373986 87.53497751941379
13796.634 91.17321846577379 86.23056162848043
13857.547 90.43818890566259 70.60830834192998
13917.871 96.54945293509755 101.25920179657717
13976.451000000001 94.42956044833811 65.5784685339318
14039.919 93.91871179324433 88.61569712442187
14101.869 92.6479461773629 84.47032005393933
14163.634999999998 100.30905067558508 82.69887869332447
14223.421999999999 101.56690292622605 85.4881492514675
14286.678 94.03862573945786 96.13904850088709
14348.129 84.60864011733652 88.21857171084575
14412.538 83.02219872238376 85.39464503524556
14475.014 89.60029345765288 57.37957912924685
14545.044 92.46450535925098 74.6427661253872
14602.379 94.70929479794641 80.42589203044476
14666.873000000001 94.81807434310439 75.05043091952186
14727.244 92.26448039524232 88.25185807993515
14787.672 92.18615521595105 87.34376945536704
14851.044 89.64741686434259 85.16138278168678
14912.738 99.78337341957993 91.64082468769391
14977.176 99.23908741842426 94.90936101609212
15093.247 90.68505029715698 95.20689025154222
15164.737000000001 92.01994818417238 89.52106443420604
15226.444000000001 92.00421441849922 89.37490560895849
15284.098 92.25969477320923 89.09757933566034
15347.722 92.17549424406586 88.66403504203667
15407.895999999999 92.09721817578479 88.46815972024497
15468.975 90.81353519766718 88.42440097604866
15533.176 96.8865073784904 97.06307719147146
15593.384 97.54357099406933 91.54632508414987
15655.042 92.16759810675512 89.80726801208945
15714.833 92.29348737125673 88.51550182879548
15780.061 91.78243114068341 88.65266758236092
15840.877 91.43517285009804 88.30145580086914
15902.22 91.63313754107446 88.26704799476322
15965.79 90.924352803829 88.2013930768973
16028.970999999998 91.03851044785608 88.15601897021946
16100.659 91.05368122716689 88.62005133040898
16191.657 90.65259257461942 88.61099911101277
16263.855 91.41270074732866 88.61151634591671
16344.658 90.76603083132103 88.63563108890203
16412.388 90.6964914017888 88.60297156259033
16471.234 91.14553614302059 88.5936344818868
16534.31 90.73028582134894 88.53959068975159
16620.171 90.54173984746983 88.5438723259357
16708.417 91.30603941261698 88.23010687246723
16792.739 91.4061224418227 87.96981370409245
16860.956000000002 92.33590584584468 88.31932272615495
16935.769 92.34790761607435 88.34967043703493
17007.979 92.71802223300415 88.41352304010779
17089.624 94.219124128429 91.70450028962857
17165.856 95.34600400747087 89.60325162628385
17237.871 95.93599454663985 90.82323591936404
17309.868000000002 95.70293328370916 88.87439122022603
17379.379 95.1090989369255 88.99712328022497
