1858.211 91.63143418764952 88.9639173537077
1979.69 95.34074323200618 90.10373693719983
2046.122 94.87940108845207 89.99772518723107
2105.01 95.2219655277412 90.32701769662066
2172.837 94.93170936433337 90.15399587144698
2235.458 94.36374794292706 90.02336824355517
2306.7039999999997 94.17628752568856 89.86672510664415
2374.265 93.67805595475703 89.5524693154593
2436.81 93.91085019847807 89.65516211432453
2501.809 94.040971977283 89.80042883205087
2562.156 93.42401981844117 89.55736611035665
2723.761 93.95232202355471 89.60219106282136
2784.284 93.9488002908737 89.66406397536683
2843.9 93.9066908876595 89.68595084124892
2905.998 93.9019393407307 89.55429861061165
2964.896 93.38697597158195 89.43109997400413
3039.94 93.33505514312333 89.39038365451336
3108.939 92.90779365445819 89.24451863054863
3166.933 93.43195709282763 89.32175874395475
3229.062 94.52606804247482 89.77453424269027
3293.943 94.52989533696754 89.98360723146565
3352.957 94.40921274885409 89.96091368200615
3414.527 95.08410240825354 90.30726475190434
3480.607 94.8643995219142 90.2640765585539
3538.461 94.16330669580988 90.02852818961283
3604.1569999999997 94.08834820532815 89.89058675605092
3666.196 94.31870346042204 89.94995305333723
3727.282 93.95843501310053 90.00610434574762
3789.409 94.25653296866571 90.23524180002624
3856.005 94.83052944504365 90.29855623986577
3929.018 95.08943097069347 90.38758518123457
3998.6989999999996 95.21520386844041 90.7371410857234
4059.3389999999995 95.41825176380058 90.81839216447987
4122.88 94.86722407631544 90.4833306540299
4184.755 95.09669603738067 90.86520146705973
4246.388 95.36863172883936 90.89387326569982
4309.1179999999995 94.89065215271404 90.64473870071633
4372.666 94.76977859949952 90.99548360476872
4433.755 94.37560555367646 90.8307871780662
4494.7119999999995 94.52848729755276 91.12347133930759
4556.1720000000005 94.2940636581781 90.62915824018245
4617.847000000001 84.37119460266754 89.70961138252919
4707.185 87.82051709028386 89.07938997480008
4775.255999999999 89.99704102042809 87.81980302070679
4839.698 92.42224739369324 76.95259844213575
4901.696 92.2859842949294 78.0931581966406
4965.866 91.46789664615993 72.50610184889169
5026.080999999999 92.07581440571143 86.78671545764948
5089.873 92.48863229419973 87.98346769152992
5150.018 90.09487126067704 87.01619775310529
5213.071 92.68945620830065 89.975128467402
5274.5740000000005 86.17387325603309 91.73987113102066
5338.193 86.38649456868116 91.18355970140482
5402.094 80.44566703193327 91.6057643523637
5465.097 90.12356804154184 89.05752184776073
5527.913 91.90384384667078 91.14483004828067
5589.868 92.5348178039931 89.49766316842171
5653.536 93.81389106327539 82.87077375103252
5717.069 94.01161088567586 84.9004897565599
5779.301 93.99623499726798 83.03559411000174
5842.436000000001 90.79687497560661 88.35044825774123
5908.039 88.20771611078986 88.47674678961533
5968.003000000001 84.09348279731749 89.15896751529657
6033.574 87.92785700419724 91.39364793885538
6091.802000000001 86.64493396707586 90.28969676856326
6154.549 89.16027439844295 89.0423960884186
6214.781999999999 93.37512240203054 90.1212852973232
6278.088000000001 92.93739311783699 88.72992545999016
6340.029 92.41615163982775 87.66507331235886
6403.570000000001 93.21163702705644 82.43760013496268
6466.098 93.40899968558551 79.439246608318
6527.234 92.47150181842436 87.4213889438354
6591.322 92.18855956902009 89.28951302196722
6649.682000000001 90.74431352867106 87.8062473196293
6715.795 84.3492271698446 91.18175695286915
6776.792 84.33450098031719 90.99353278253498
6837.97 81.55780751690622 90.17257933823113
6903.5070000000005 79.2775728809275 88.94035409936144
6963.036 86.41162278800509 91.77036243624543
7024.786 91.96675124681978 89.81078263190346
7083.027 93.11618851845253 90.64796360842017
7146.768 93.7760778420612 75.44357546068467
7207.957 93.29783762061031 88.6732924584806
7271.5560000000005 91.82286788423902 84.48613423687883
7331.735 82.63480254834603 83.54977290274034
7401.12 74.81962083353797 87.35893037080015
7458.709 76.38190531000056 88.5253933789013
7519.424 67.96811230278638 88.92342591186751
7583.128000000001 86.05559109755683 86.49321687063534
7642.388999999999 91.01296106817253 86.26174721059783
7705.423 92.43326534612541 87.86935905320337
7768.407 92.48841871458777 89.55764089885496
7832.393 92.70355830430626 64.31878485774817
7892.979 92.62651223068313 64.26986910317137
7957.874000000001 92.79720728088807 68.00409032844254
8019.2080000000005 89.67664030974233 86.76011648753138
8084.994999999999 87.24674988437638 90.25848575986599
8156.396000000001 84.6498399004656 85.9668210041765
8219.446 81.78021653050907 87.4805621075694
8284.974999999999 67.60466511422644 87.99313895498878
8349.524000000001 74.08377734901698 89.42190305085856
8409.55 90.8755085710729 89.57446674093856
8471.17 93.26872742109616 90.97887562809865
8531.234 93.10697619912513 91.56461153107541
8594.87 93.22143061107525 88.66700955398375
8656.605000000001 93.92715631361196 76.35943769703029
8719.594000000001 92.40908768926305 80.85183965627952
8801.926 90.20525812014559 81.26177299356893
8862.594 83.51979001325269 85.84360665013286
8923.741 90.97053853211732 85.37009405433365
8986.48 67.21901023758008 87.15588476385824
9049.671999999999 65.78792647415929 88.01491797377885
9110.703000000001 93.59873884272304 90.05776794049561
9176.411 94.14074704554835 89.90171620490796
9238.448999999999 93.97295279472203 91.66115875961621
9299.027 93.67681235489046 89.37520735337168
9362.519 94.88694178343144 86.88591936004887
9425.768 94.45351555055025 73.21052562043889
9485.311 94.30443673962466 74.135845095672
9550.295 93.25773159246394 88.30138147820637
9608.551 93.25447337475167 95.1281836484255
9671.705 88.04711477922547 86.44304167714076
9734.494 72.4422663378789 89.1196924760554
9798.845 63.174570427427255 88.28229018323893
9859.25 65.37974059860301 88.99226580407797
9922.905 75.67919926322483 89.24869728302308
9985.399 90.99898574764592 91.03854744531453
10047.802000000001 92.24607685517813 91.56008219297472
10107.836000000001 95.32572207852817 71.37637445109193
10173.496 95.0455356714409 92.9291785646816
10239.508000000002 94.14981635412789 88.46471839355907
10301.03 93.11699231756222 85.5560568274047
10363.529 83.36597886938793 85.68289093328875
10431.612 75.17645685944598 85.96271477394832
10499.141 72.4600913095858 86.43899699192461
10569.989 70.35647590635799 88.7626354567689
10633.058 73.41555790333534 89.05220481660838
10695.469 89.59875794665291 89.52979681242115
10757.577 90.66766689634497 94.73076315203441
10817.987000000001 93.26055733483757 92.33043832298074
10882.885999999999 94.03446038491188 84.36412439559344
10943.75 93.55235055566055 88.25615600909644
11006.304999999998 95.29935672214144 87.41634318619859
11069.936 94.01859208366344 87.84259442007445
11131.788 92.57936169755865 87.94437093152207
11199.214 76.50926081214013 88.86453900967116
11264.881000000001 76.10236440083011 90.3922029461063
11323.988 90.57579712145198 91.50309576907631
11387.254 80.719834543648 91.10015968336684
11448.176 89.53511995431005 90.27093532792333
11521.166 92.35034612955546 89.86757620825729
11596.895999999999 92.7709727657181 81.73258128670123
11655.453 93.71285051658221 74.9291700512953
11717.454 93.33295656388621 72.25325426121896
11780.977 93.36506444125713 71.9522481141495
11843.216 92.14250843411583 88.10114603165866
11906.019 83.52209913592247 86.9683844110528
11969.247 77.25656462512642 87.72155093847512
12029.99 65.0972048420783 88.03774643741603
12093.032 67.51561110372378 87.60238458214401
12154.009 71.31634329415712 88.31203077340375
12219.265 71.58400668169423 88.61726140052404
12278.502 92.61398999820884 92.04754544078682
12339.282000000001 92.61522207553627 89.22252682987923
12406.786 92.65901132073364 77.9277351472289
12466.440999999999 94.13902530447729 74.6120732271974
12530.439 92.19860568934898 83.32756030341625
12597.536 91.84030152392236 84.98757379474152
12658.162 91.78402998702938 89.19812599566558
12720.252999999999 82.30084352180633 89.10397424448308
12781.701 78.23080409845946 90.42551357601309
12844.686 68.91251375396072 90.4957678777221
12909.739 83.32614250400377 87.38968453157713
12971.364 94.49403640333543 88.95702056706578
13030.24 94.57913233736295 89.79833521214994
13094.830999999998 95.46847729121491 93.11686980473408
13156.601 95.00579385598783 90.80744873173383
13218.835000000001 93.61578265128053 89.73012332376155
13284.418 93.40922892242371 88.79178759700292
13342.527 92.09711983311006 88.43730919499521
13408.902 90.11009504447382 88.32319657529503
13468.598 91.04114411286773 88.07533871949886
13531.051 68.49585799840895 90.02395023017536
13592.061 70.06921900345995 90.42136657074269
13655.17 75.09594726927112 91.07869598203116
13716.024000000001 89.92673476337417 91.99025516937732
13779.541 87.89236708424723 91.0866434184028
13840.699 90.37594493605448 94.05808981665035
13902.819 92.84071179070295 91.13627814778238
13966.416000000001 93.17092999910065 77.17738677901615
14031.438 92.11668226516744 84.48408386223431
14089.469 91.65833844279535 83.41188088773126
14149.817000000001 85.67346692308203 87.58302861695724
14244.664 85.89833144899987 88.1517414701526
14311.704000000002 79.12614915048191 89.64857706419679
14367.507 72.49658991960962 88.82653480664628
14429.848 72.67871328050185 87.36002177111237
14490.931 93.32361507018172 90.26909016479692
14555.941 93.65109816315017 93.43000286320692
14615.081 93.73530785296849 78.67314435664089
14681.058 92.5601336930952 74.5696184046452
14745.079 92.9988751340694 71.19976070768485
14819.327 93.20330338606604 89.35421762945812
14885.212 93.09998986989181 87.19493877164567
14952.673 84.12247883124108 90.65666686406496
15012.563 65.38354034796666 89.33375846844208
15072.260999999999 63.09765715752783 89.5181203789214
15136.813999999998 64.96799315408586 89.09858120157344
15199.551 91.73536561294729 89.39603472452896
15263.799 92.605117614563 90.82035626763216
15326.513 90.59704216856063 94.61770153628139
15391.323999999999 93.8858173947246 72.10012820471944
15455.443000000001 93.51944854488549 75.36083531543811
15516.45 92.87556826480134 82.92123478154639
15611.656 93.14944060014066 88.12189410696598
15672.912999999999 88.04249237120517 88.05873959976869
15733.066 88.75733836162682 87.90065965981113
15795.801000000001 65.21226865436554 90.57511267841221
15857.534 78.36517900252902 90.84080419370554
15919.804 73.70032106810832 90.80348513754117
15984.904 81.4791815605643 90.56448558929914
16046.921999999999 90.26085457435181 92.05646804149792
16108.899999999998 91.79865021068481 90.06935295969255
16169.595000000001 91.01481007072593 88.34325498393632
16233.377999999999 92.87112118372424 85.440290692679
16296.119999999999 93.42225003203899 95.15320148665066
16361.569 92.21034905168028 93.88224290400879
16418.982 91.63874541502258 88.80360220692965
16481.942 89.37938347433212 89.42781322107945
16546.163 75.97754545661134 90.44601204826532
16607.104 67.21804633098817 90.7186878073429
16671.895 88.51470684358125 90.98027283366672
16733.912 90.70690484449291 88.81945066381955
16798.461 91.80424463193953 89.78025854043287
16862.033 91.95767993774338 82.41968395356818
16924.008 90.40393385664095 83.71492633957259
16983.321 90.09490606713392 83.1630472822124
17046.33 91.66570018947462 88.3945156008863
17110.859 91.51061023365278 87.40540346981443
17182.385 90.48355182465636 86.52080073692349
17254.77 89.96969975394752 84.62292692622361
17312.757 62.782674458644024 87.92804251684366
17377.313000000002 68.15628819746988 90.57627573861954
17437.325 68.01869475201231 87.88490626154748
17504.79 88.24623545623787 88.85432499153481
17560.349 89.59854055356867 91.38608737957286
17627.257 91.72530461078797 91.22662951536684
17684.804 92.89384398268716 72.89859609201119
17749.842999999997 93.56096569080124 78.08309936558331
17872.817000000003 88.24444005642147 86.74559332747181
17934.311 87.32819429724891 85.37352014928278
18001.119 85.54067801934681 86.26067167054968
18062.842 68.88358398462454 88.70630684818117
18126.836 67.62325749710327 88.21530031954532
18185.441000000003 68.47784728673555 87.1842599619241
18246.825999999997 91.05839060073836 89.09370538248204
18322.649999999998 90.79138035290669 90.08329428198908
18385.881 93.00204033044945 91.2012705604433
18447.887000000002 92.3303122285459 76.96576461654891
18513.3 91.93739683563028 74.51421832466106
18574.079999999998 92.38159544933069 69.62196201136958
18645.140000000003 92.62834091364802 95.54500569830516
18714.679 91.35202573221854 87.35990378453926
18778.296000000002 83.1485621367265 85.93487623964269
18839.434 70.61005068201453 89.21405334127869
18898.717 70.70632351048451 88.9714631189171
18964.084 73.6046492657939 88.97148104382407
19026.212 84.07676823126695 88.4957689752001
19091.749 91.95978895577879 85.40894672482784
19149.984 91.11082378599563 76.00145782712893
19213.972999999998 91.45053630585258 72.78495204530614
19274.445 92.26725670767736 75.01533159445053
19337.822 91.49897119752069 87.96855697163258
19400.766 90.66622708086187 87.72003368770608
19464.023 91.83315949186341 87.49970921334823
19529.800000000003 71.32482226113079 87.88809036269963
19588.761000000002 66.38097860752823 88.26902078288063
19650.753 68.4295822897227 89.02217813770297
19717.695 84.09368649530947 87.30988828013766
19776.111 84.68915004663124 88.24886987859594
19838.273 86.61603844368557 88.2446949511419
19898.725 89.07905110864105 94.05175008399111
19959.839 89.0040314967994 80.99379414581168
20024.13 90.55030507633236 77.04112280419275
20086.718999999997 91.88990507488174 73.3556379821914
20147.73 91.4716172134107 87.42182175522252
20210.295 86.6379032558345 88.4624994802033
20273.065 86.61494235068061 87.82037220201464
20333.182999999997 88.67565575643036 90.85497316629554
20396.196 68.2172868596662 91.01403538604382
20463.081 66.45464290784787 90.57377330173061
20524.401 72.68006857132893 90.21180865380082
20587.579999999998 91.11515571355609 90.69521404194856
20650.886 92.88201810610849 83.45434216106396
20709.478 92.66807755425646 83.58690024407048
20772.592 91.79663858460435 82.43450381505187
20834.252 90.09271655962341 88.97002001750754
20893.766 91.0075381527173 90.79756745363619
20959.613999999998 93.33510892786667 89.08292014807753
21020.358 92.53321516859314 88.65765750518207
21084.9 86.67804825455781 91.9723927497403
21145.721999999998 73.64279433866795 91.39187796731548
21214.382 81.7296317716843 88.6108396612143
21285.195000000003 88.73754671267199 88.46344579191421
21349.222 89.92599351690853 88.73070198115337
21419.279 91.94420267526353 88.05093121404165
21491.198 92.49415229828801 79.78254856568638
21551.300000000003 91.47490515549067 83.01666015364174
21623.835 89.10390900039637 86.6195786344188
21689.784 89.37758568773917 84.05889351538897
21757.644 89.28676950566424 86.73834962732903
21818.661 88.82971942767 87.99471911273066
21879.899999999998 68.60140769182682 90.02809080018322
21943.003999999997 67.78981452922534 89.78205837043369
22006.557999999997 90.75471623038091 91.48127529886743
22068.007 92.86044927129937 90.99044412626623
22130.854 93.06673093404504 90.94782677695956
22198.38 92.5573770464644 91.39819289827884
22254.89 92.37805647844948 95.83288043439114
22319.918999999998 92.99891255223844 76.40689445605027
22436.856 93.22803435234322 80.23264294373863
22505.31 92.17867405623092 88.08164637475899
22568.2 90.11389115465714 85.46764446452798
22632.190000000002 68.04923541884165 90.22975978810614
22691.535 68.37797349068506 86.43568699549995
22752.859999999997 87.60995563058123 86.42971600820121
22815.909 93.3754607415777 89.63191345216099
22880.503 92.36819040601543 90.45938378582201
22946.173000000003 92.93045056362881 90.67952336469743
23007.722 92.90261819679152 89.32493926114283
23070.861 93.40901740116989 77.12855094752601
23135.058999999997 92.59679741456884 86.21364940193155
23196.168 92.53375734212933 87.89034348268493
23259.296 90.16160773755497 84.87003469725838
23322.116 82.89722039273238 87.29974064967219
23383.799 88.68198542537542 90.5325214959372
23451.953 71.52896224870551 91.4774983206144
23517.471 78.16323152968909 90.20824558158493
23598.017 91.07785685807751 88.52565460549165
23673.564 92.08752382775687 88.62851135332086
23733.167999999998 93.28510188003828 87.07742842158859
23798.388 91.40888853783274 75.98395940269766
23872.843 93.40053266119469 75.22870429377087
23932.918999999998 92.8021237335879 75.6855051409298
23994.736 93.36540618583844 86.14799898239534
24066.571 87.01396359897095 87.28069534620637
24136.379 87.2286816091136 91.012302909339
24197.908000000003 65.79948760488512 91.16845011999655
24261.334000000003 77.54467810250407 89.67908475981233
24324.596 85.59195135358355 90.8818169319326
24389.063000000002 90.70705597305516 89.94626141667389
24452.109 93.16588828751095 78.90855900565937
24511.434999999998 91.77041123515131 74.99102803686564
24575.022 91.19014712936499 67.79950623483377
24640.243000000002 91.7994038799749 69.72790296646043
24712.518 88.73437266030527 84.31930858378401
24776.521 90.78710940732144 88.83819483138097
24841.539999999997 88.10765160695286 82.76427959888574
24902.947 68.2065298182959 89.02616594436573
24964.566000000003 66.44266860485706 88.3916799966575
25027.623 64.26487472114661 86.84413260110657
25089.472 77.19482274293607 89.09114530959837
25162.57 90.47890644127817 88.44132106018809
25229.355000000003 92.00372063039624 90.30166626540746
25295.276 92.58363279353574 70.16461701051016
25360.696999999996 93.09445574650516 74.89630652258096
25416.844999999998 93.11330383815344 77.65630245914717
25479.426 92.01111331996876 87.30313301486852
25541.611 85.31989727765293 85.84684394104616
25606.597 77.13342470921239 88.17578752668705
25668.171000000002 71.92282405847335 88.99660980014016
25735.385000000002 64.71744235324924 88.72990876860935
25805.935 67.63533319292398 88.31035454992484
25871.5 76.6637095077964 86.79447606670597
25933.515 89.34648233338261 87.19392997076439
25995.064 91.36808329787418 86.43597776493947
26059.064 94.28577135284303 85.26301443995952
26118.689 93.29847056353837 67.48662307725763
26180.372 95.0157280922231 72.82888261768633
26244.153000000002 91.82099500630358 86.50765399466108
26306.687 91.47572788020507 89.85543863356902
26369.184 86.93584745840388 97.72028006658792
26429.759000000002 81.1252957365417 92.86502181489466
26532.985 63.72903414489761 87.66865731047174
26606.835 76.6926325385531 89.18137490306916
26667.091 86.13815313450657 93.41700794069816
26726.833 92.53521215009764 85.31710332937898
26788.453 91.66599462823551 83.79354637965811
26849.125999999997 91.60359961559877 78.14793010575755
26913.67 91.46519619458523 72.82855490719373
26979.219 91.33974732003522 75.76645400146481
27042.241 92.70230061876116 85.6842618469996
27104.023 92.10624476865233 89.76104427732398
27168.745000000003 77.00489347831304 91.02303251627822
27234.738 68.42560019314567 91.14106387555198
27298.135 65.62765402699857 89.68743880258637
27365.372 79.15260307616542 88.4419429296639
27422.473 88.44879705543597 87.55527097130661
27484.165999999997 89.92870810333967 86.92730152339374
27548.286999999997 91.48763977536882 91.36947490633645
27606.507 92.00868658140959 69.90201073949615
27670.864 91.4154215003256 68.34331084162226
27735.067 91.2375241549694 82.83197230161863
27799.593999999997 90.39511773081308 93.4571799318869
27889.886000000002 87.0153604504593 83.82281778869857
27955.507999999998 82.9072968385269 85.12711880448686
28018.036 66.18305706155088 89.83904300610018
28081.706000000002 69.73830171465123 90.4729237708539
28146.674 74.2897533580873 88.92565929982412
28210.657000000003 89.00993276266334 95.83840071005622
28266.423 92.43082173293607 94.20780171888651
28328.273 91.5532907919566 91.22124216156203
28391.558 93.18316720983397 66.07785290707645
28463.84 93.8048505444936 68.96651278626982
28533.135000000002 92.27175218084811 93.25445144863532
28590.66 91.31373342297744 90.16504599827985
28654.065 91.8449224630042 91.32635923760374
28714.785 90.58492401621409 90.90101511816901
28777.108 70.91102003668483 93.07462472896785
28842.275 74.01726162055327 91.62609961647468
28904.179 81.61495013287485 89.17946536370341
28965.742 90.73915073388108 88.01860059446979
29027.481000000003 91.98461501748676 89.67405631697562
29091.51 92.3293723582532 88.39022414146733
29147.22 91.00860185653161 83.12574422232089
29252.956000000002 91.04269136275549 72.37936884595334
29327.537 90.6614269032128 93.37985287823479
29384.095999999998 89.21831913992612 88.11164369283127
29453.318 92.16046051257824 87.03081939472013
29512.875 92.03167356233004 89.21328405483403
29577.47 76.20781931541612 88.19629973830557
29641.05 81.58270672537667 89.25372698168562
29701.364 92.03432053918254 91.05366070192875
29761.649999999998 93.15256772746176 91.87588597812848
29823.714 92.92641740002486 91.46790001457602
29886.557 91.91792323231469 91.13280082492382
29953.799 91.18415188139655 91.05790335713102
30023.841 92.57088355940515 87.8436157240703
30090.822 92.96514133581948 91.26957871868669
30159.267 92.97994927065871 85.94387892816803
30217.778 91.402770114932 83.79219341744236
30282.132 90.51233398203023 88.6552083701022
30343.698 90.20548142588147 89.29520634968685
30407.121 83.26965897027485 88.21289528109604
30471.115999999998 84.7914067656468 88.9219264987057
30535.103 84.79486190082518 88.03058013207321
30621.662 88.98597975505872 89.27756448535114
30693.042999999998 89.19226481459017 86.37555425766887
30764.073 90.58076778623443 86.76781388937162
30827.731 92.48430023208144 76.88192180059505
30890.270999999997 92.47093990233442 77.65037901711896
30953.593 93.25480040610138 80.8823476053733
31018.356 84.55752216865177 87.14349351951591
