1854.101 93.58524972899204 92.54077059422295
1957.632 95.90328650768295 89.5487637245607
2025.471 94.74200062430178 93.51621927439977
2091.013 94.87510662173416 95.94615681003444
2153.575 93.84491591596806 97.27437513902629
2214.93 92.03715503322857 96.57654537684118
2277.523 85.64595030296685 96.23984287368337
2344.296 81.39479259627747 96.65891815891561
2405.1130000000003 82.37587653043786 96.19989578798013
2470.239 88.72225000627438 89.40614285737111
2527.1330000000003 90.94303007187531 89.09931666377055
2588.853 91.70721972208118 89.97210152605179
2650.4370000000004 95.45452254216116 91.87171637544871
2715.53 94.13917711389227 91.85303147803272
2778.548 93.56447969884215 90.1034275686163
2844.127 93.68712195054232 89.26595273065064
2904.4829999999997 93.11763422504708 91.58409884295591
2964.218 89.81162589281534 94.28206021479222
3028.365 88.47739877835802 95.36889814417358
3086.234 84.07550152192245 96.0527652222985
3147.3900000000003 85.64627905395996 96.95988157011294
3211.7079999999996 94.88515604792094 97.13607687447897
3274.3669999999997 92.41216680809643 95.33320421375404
3337.197 91.10793768272309 90.38543004722155
3400.098 92.31938942562896 89.89317152219013
3460.503 92.23611140274558 90.77736037373043
3521.591 93.36753079993973 91.38155658222418
3587.6769999999997 92.99177387352216 89.65090453704842
3651.4069999999997 93.28215451850153 89.81996939752217
3711.966 94.29396418687749 89.48725459185553
3772.905 89.80772876013728 95.60861249216202
3839.075 88.86403608616556 96.64687580525295
3913.091 84.28802550684716 95.50472835672588
3985.193 90.71567956510972 96.66095943715402
4042.1509999999994 88.47777451296838 95.46575361250713
4106.353 92.27187128608892 92.50962950356148
4172.116 93.14401592910477 90.8172659226841
4238.71 94.96640522867108 93.46787982437075
4295.544 95.38142608183885 92.13698765417689
4365.820000000001 94.02181877016568 92.72507653374929
4454.79 93.34186676071398 90.97730630612322
4516.62 91.38242124558423 90.97334765000717
4579.003000000001 94.2523623501168 94.29837138415671
4642.138 96.42085638358726 99.86672674850934
4702.912 94.46246113203163 99.75453182360526
4764.539 97.28595807156499 99.34411573169608
4826.314 94.97343721964256 94.77060290034872
4890.834 89.65164570344149 91.62838278845477
4956.475 90.73946703228887 92.03241385028038
5020.231 91.05785849043438 92.71327875266749
5082.6089999999995 92.13481506107308 94.8174936277598
5145.732 92.20106344606195 90.68980726633907
5211.393 92.93229118651398 89.98866030108971
5270.915 93.65319790449398 89.6276559879444
5339.311000000001 94.9696763591553 88.5437219264752
5397.325000000001 95.71779059572866 96.82107807112017
5469.111 87.51004377661964 96.94973023353555
5538.661 83.26050147935989 96.08881641051372
5602.564 90.70884524145312 97.38952315014207
5662.886 89.02624950814214 94.74103655570151
5723.856 90.94028738938283 90.42540860610949
5827.254 93.01097297843884 88.83894916077143
5899.974 93.67406362176199 90.79870776531462
5960.549999999999 93.42467174735029 91.12415045019883
6024.599 93.70816878815639 89.90453686839572
6084.142 93.01509653867426 89.34504732341429
6146.362 93.58636975277331 88.96915818915548
6210.997 92.83989675169879 92.80905525740295
6270.8859999999995 82.94799759156298 93.87125466560981
6333.053 77.29177088576479 94.51374697086881
6396.771000000001 79.64354190177495 94.81793816495819
6460.425 87.43764724222376 94.88252290063284
6523.878 95.10561100798127 92.59180467288743
6583.383000000001 93.1346521903692 90.37629860852444
6646.861999999999 93.80347896602962 90.16345026662806
6707.92 93.84096031327599 92.19277920170084
6774.474999999999 93.09347828382192 92.45101518345535
6840.255 93.4126357932512 90.04764351320037
6900.252 93.83147789122425 89.0923703658659
6961.842 93.87941114909782 88.98747910609283
7026.847 97.79917474381118 97.16842824640949
7088.947 93.78996047706094 99.47245673018269
7165.728999999999 85.54668463675524 97.7998341701615
7229.259 90.90804319002552 97.61127572396582
7290.262000000001 87.98463570009712 94.7375323432115
7357.883 91.8764749820056 92.28569991550285
7414.5599999999995 92.74712879584264 88.14341636869796
7479.063 94.54898546389595 88.36103005914042
7542.004000000001 94.0293666823997 89.96009814680775
7601.862999999999 93.99390324514307 90.79366482784148
7664.608 92.95769364291908 90.05723625047152
7727.746 93.90972433949649 92.47103363462418
7792.764 93.84184661963295 90.48223014415677
7853.889 84.64641508000942 94.86322366611194
7916.3240000000005 82.40511886956055 95.98279446233076
7974.719999999999 78.84965979749748 95.1238777070972
8039.9 81.00797243368282 93.32547578592877
8101.369 83.97515762337866 90.53697338845211
8161.899 86.78091965841217 88.8472953526306
8222.928 89.7871818899347 88.98609430839451
8293.485999999999 92.35731272237078 91.12278539835734
8354.043000000001 93.81798378243253 92.84478366465174
8417.072 94.17462276214249 92.30674855058243
8482.18 94.65207077263922 90.30117221627268
8550.646999999999 94.55879264726867 88.30928989721163
8620.668 95.79203490082648 88.3170653064851
8688.179 87.66613721620048 95.77911228444577
8746.714 81.45359638190189 94.89877990223296
8811.714 80.48274643415765 95.99716607389323
8871.316 80.39945656271162 96.33582391527115
8940.184000000001 83.45338297138466 89.77167357737497
9009.173 89.06205817371823 89.4409558716028
9072.151 93.8783885520064 90.39700505766089
9139.5 92.75756177094325 90.04300827529234
9198.792 92.87386869570607 90.43163075316704
9261.715 93.23229524971646 90.55935326607931
9323.826000000001 93.20342583743788 87.32680564305916
9386.736 93.54075957760656 88.48104567206376
9451.288999999999 91.9307769498259 90.56621992067677
9510.213 92.50670962087791 94.03188965224413
9581.504 80.04572778121037 91.48622354855569
9638.803 78.63027019034932 94.44517528364958
9707.798999999999 77.57520084671387 95.393994954962
9767.993 86.80288352530772 93.69562357609176
9826.679 92.97369202998223 91.71295089003105
9887.567000000001 94.3916992487445 88.43619564675748
9950.322 96.53194487537856 88.89771501828307
10014.139 95.69327733859002 91.81711262571926
10077.491 94.75852371776935 91.65590439956854
10134.997 95.30724796223276 91.1593384205249
10202.45 95.45900102575514 88.43224101962116
10265.006 93.77798116406643 93.45733896656283
10327.029 90.86989131056193 94.3341089982186
10390.586000000001 89.22475409591726 90.00813465928344
10455.972 83.60271389133881 97.82975822571365
10511.106 80.56639042907987 98.08941839223961
10574.34 81.03536862707395 97.42317479716334
10633.053 81.74290384399274 98.04234506329504
10701.169 97.78743177856309 92.25034403928407
10761.817000000001 96.10547692367031 92.65260469077448
10829.017 96.01957209908832 92.9507151244687
10884.833999999999 96.95234937028138 92.16896872399701
10952.964 96.09130561437492 91.81866272781402
11012.081 96.50908952426087 90.64085723415863
11071.221 99.2199368851331 90.90453285014763
11132.041 96.94885175532542 88.32854302267666
11195.756 88.28275357000494 96.77764293248595
11259.332 81.42968314569796 92.60130646821293
11321.699 73.46502487459135 92.66602239411377
11384.276 75.23642501448535 96.22495010415302
11443.212000000001 74.94229935371283 92.26624236500213
11507.983 96.46861777305358 92.46645043325736
11569.2 95.34606475870076 91.7410917595176
11631.321 96.20332395472569 94.86457898331818
11694.9 95.0283591200318 94.437155963891
11756.537 93.88815410720176 93.35922519234762
11819.654999999999 95.00336440839791 92.37667383786683
11886.361 96.29757430996393 89.1834667557684
11944.26 95.29428666680509 92.43237981021899
12008.504 86.99950497798424 92.677098581214
12070.501 82.47340114994589 93.48524133710283
12133.155 84.19829314378751 95.42102566442729
12193.701000000001 85.69475556010056 93.89037507328077
12259.15 96.12646200844165 91.34993681088064
12317.353000000001 95.63866636104645 91.26576283924832
12381.132 95.48714031787365 94.40373856661104
12443.504 95.23830389610755 92.55399755114178
12506.573 94.90122846374044 91.7365099602379
12572.267 95.0665303268473 89.77907055635424
12632.518 95.12855799959561 88.46373207947863
12695.151 94.75593317555109 89.83736032108276
12756.855 94.44687299701916 90.43937481832072
12816.267 87.2471908689948 96.50687000790006
12883.466999999999 81.54491034774205 94.3681396825427
12943.893 83.2289170544929 97.28089662517016
13004.836 84.79883318272809 97.39899896117987
13067.758 89.06325769653358 93.20447969733483
13128.313 89.01536567858888 93.22329025036757
13190.706 94.43811848317542 91.6083340969428
13256.029 94.12921130096534 90.87512395318146
13321.052 94.51415086734373 90.49467904380131
13376.282 94.17846915449108 90.4158425738812
13438.297 95.9179466634847 89.19587406434464
13501.538 96.23860355968512 92.87843082253438
13565.237 95.4673845795628 92.39511082978889
13629.265 89.70013295863208 93.67466298291005
13688.55 88.08056038650014 95.26654426125558
13750.299 88.68736197665251 96.52915212947325
13819.464999999998 84.55271072001888 96.31211203574776
13876.831 87.67497227212186 91.56832998779537
13943.826 90.53675911534872 90.01424750547126
14009.873000000001 91.98727801007385 91.6988610810002
14068.448 93.17377622105596 94.64717069412707
14126.636 93.71110885609698 92.38777868057058
14193.16 94.72248792683014 91.1397037594034
14258.975 94.14358448768813 91.2623994773901
14322.751999999999 93.11627859971703 90.21416043171088
14384.807 93.97361056127203 93.32385010478096
14449.394 93.06564550002744 97.77231749299688
14572.020999999999 80.97088365517479 95.45347097223905
14642.534 80.20752106317013 93.66370698222717
14715.538 87.291865529723 91.14648717224114
14778.071 88.87191763385215 90.64327138736984
14842.599999999999 93.1771634885447 95.33732419028392
14903.601 94.53234361141133 95.19621931783792
14961.368999999999 94.9306432461079 93.49253842921055
15024.404 94.09982347201911 90.99180717289235
15085.209 93.44910703602243 89.6059736731834
15150.135 93.32002601473862 89.46038629185426
15210.506000000001 93.33478515675682 90.56473709943906
15274.727 85.25007713657524 93.67953400738806
15345.551 83.63510189912536 95.46651235373126
15420.651 85.44847138645972 96.01530444674822
15494.139000000001 75.7627488648636 91.84369993613583
15558.688 82.57053161043639 89.22293246521959
15621.702000000001 93.00525658251046 89.83725190046533
15695.156 93.00804567422207 92.50852257630473
15755.295 92.19164083754949 94.87086718812222
15818.289999999999 93.5312398657715 91.8367666671114
15885.827000000001 93.70854540500322 90.42251369649775
15947.36 93.65277890004907 89.4177831367085
16009.537999999999 94.70879727266673 91.31740535577923
16074.082 94.10291251204427 93.4681043187534
16144.645 97.8713768233394 96.29287740552729
16215.644 91.167208834945 96.54620843322067
16288.125999999998 86.0080532141806 91.92470908231093
16356.667000000001 84.29793483444566 89.74663965751827
16411.667 91.51357633171472 89.09991338344082
16479.216 92.94589915754828 89.95070325371753
16541.762 92.2034695759078 90.02715434520256
16608.762 93.09498152282363 89.14401443013783
16673.211 95.04258676263687 88.01968575408591
16745.968999999997 93.86403983313492 88.62573368670935
16808.969 93.00596259242778 96.88121752415175
16869.505 91.92749745461693 98.56048214197887
16931.505 94.93394442107564 98.75957683522343
16994.043999999998 93.76909830093331 99.4223242767401
17061.558999999997 94.82252812977991 97.2411953721431
17122.568 94.33825390917997 94.05341273155948
17184.076999999997 94.68426874304654 91.40510994511229
17244.184 90.63343491392025 89.80463757827529
17307.18 93.0270947441896 89.90201398852382
17374.735 93.06669137692508 91.66874761733813
17438.231 93.59106703766685 91.86481024702249
17512.242000000002 93.65481779322849 89.60180410814739
17571.818 92.53435831912017 89.99482871546965
17637.307 91.93970952039436 89.68813917403685
17699.299 90.39989790176702 92.6713588473818
17762.846 93.21205514845731 93.98897118342364
17822.845 85.25728196975246 95.0950616420607
17886.374 83.92931762396678 94.93289329625846
17946.936999999998 90.25297440473018 92.56610985280825
18011.924 89.51869735294883 90.69072978819514
18084.582000000002 89.36999618064688 89.11077293003294
18153.154000000002 93.07682552120939 89.53297358688393
18216.138 92.9408648149897 91.60388177541155
18277.197 93.51500005994293 93.02053874918221
18338.662 94.07177362753856 90.51913272140918
18404.664 93.86976181208018 89.04013238573562
18462.216 93.11465529024657 90.32733012033154
18524.224000000002 91.11200136372209 93.8094471942794
18586.465 95.53573685546439 95.08357761012624
18650.992 92.11494114753141 96.00806740764736
18709.001 89.40209010166035 96.27282018279726
18780.495 88.33440563592826 94.0532753105315
18842.023999999998 87.53887601524028 91.56985824330056
18906.025 87.35739666408115 90.32514186786379
18969.595 93.424796960379 90.42910268719857
19038.167 93.53866763206972 92.07230306291859
19113.027 94.20050445353193 93.6882770529144
19179.558 93.9790770101944 91.17641916048085
19253.033 93.35077352447911 90.35216156766072
19315.034 92.59887701633126 92.76186026749558
19382.267 92.377596733142 94.41672790784706
19455.793 91.11785944840243 94.2043682540284
19518.79 86.4537550829441 90.42809272165107
19578.323999999997 86.26514976661534 90.17925376226196
19641.89 87.9298740855553 90.70414735169089
19703.89 91.76991194173128 91.03621293754279
19766.426 92.45123509931572 96.74967077604974
19828.425 93.53581633634103 93.27688079416095
19894.494000000002 95.06524514428233 91.86523315273924
19965.028 94.33504734524115 91.03817835285409
20033.037 93.44034093467866 88.32221245846333
20098.546 93.54423235877235 89.28845031996673
20162.096999999998 92.96927315980679 95.35233432218396
20227.077999999998 85.300561169408 96.1057262850037
20290.771 85.19608987264441 96.26840993737115
20347.919 86.55252286529031 96.03498553430755
20413.917999999998 86.98551442816519 94.85666217373704
20476.446 88.82262782256718 92.31134367434494
20539.976 91.77680175086836 90.19511931254748
20603.974000000002 93.05134250018564 90.07269156877739
20665.493000000002 93.81316198398619 89.40135818489254
20734.493000000002 93.0166200375967 90.99003697822025
20807.939000000002 93.48892218020225 89.37484531040133
20868.459000000003 92.87337797327493 89.7140828653415
20939.02 91.52287069739411 90.20372125834021
21012.015000000003 86.51207141248716 94.2724151504134
21072.54 83.24944916691814 96.10386494686146
21139.109 85.17560748394374 96.37479708207474
21201.105 83.1171333226138 96.21215836175107
21267.634000000002 82.19430601581399 96.50505263475681
21328.674 85.05336652231759 94.92935778687703
21395.203999999998 87.84965829447876 92.08691375179829
21464.722999999998 92.94305506573187 89.86181866998419
21532.273 92.93501621917018 90.09279893484933
21599.854 92.44108735469617 93.55418405290716
21669.386 91.79626718237125 93.05508649241384
21737.383 91.82481761714163 90.92516882612702
21817.563 93.01707485650964 89.62594870867703
21894.812 95.31567475450039 91.95189641660606
21966.327 84.9189554017577 94.71003753478769
22035.34 77.85904695985307 95.15486840999218
22107.854 92.48402793080881 91.78697043008479
22174.845 91.36569696731179 90.38521581089076
22253.944 92.76667076127133 89.02383220048523
22311.938000000002 92.03406028612575 88.39191039703438
22378.477 92.58830532833038 91.4110861597601
22439.021 92.90817751274466 92.38329017559977
22506.035 93.17572149675556 93.16077112369999
22579.574999999997 93.75185451110761 88.97773239573561
22640.106 94.42253730902334 87.949119452047
22704.017 92.33765348361266 90.3839661094599
22766.539 95.16517531419201 94.07469129679457
22833.716 87.07227838420155 96.49666400367686
22942.564000000002 93.91737874401345 94.35130249372855
23003.307 92.72686010961769 91.53000534902668
23066.725000000002 93.30607936858536 89.80247338111707
23128.32 92.34010326159986 89.07134433737171
23199.846999999998 92.8788674016486 91.48395317546897
23265.898 92.94778778040045 91.35160794536473
23324.908 93.0025677499509 90.12968270049225
23389.509000000002 92.38722178576654 89.01158370785153
23460.023 94.08476814819495 87.8040907962637
23532.035 94.0080844493785 90.35817871847114
23593.558 82.1886682364576 94.32431282422033
23662.094 81.86733312786038 95.72613636988021
23735.063000000002 82.16973286913756 93.67233614072195
23800.574 89.24158773215783 91.902366325717
23871.114999999998 91.5426583592911 89.2213078822742
23939.636 93.65695852187326 89.519211770922
24014.645 93.76686653436902 91.31961105183838
24083.164 93.81877884633677 91.85526588069469
24146.689 94.36161847779475 90.95025029008393
24223.016 93.13637688187966 90.95846228014166
24284.107 93.7862976205833 88.87668881942676
24341.375 93.95140259014715 90.23039374293757
24401.318 92.10476532771412 92.45904784577203
24466.989999999998 88.02320388929235 95.64114450014665
24526.503 88.97914065540769 95.13798481378367
24589.026 93.43144703565147 92.09621584364244
24654.09 93.48831151413367 89.67331595587606
24716.711 91.62568202578935 89.94167612105039
24777.247 92.35480127267516 91.34888022502646
24840.277000000002 92.03378000906568 94.41635700557447
24905.93 94.53310132997913 94.03603029850235
24968.225 93.64638533174636 93.29086724691254
25027.691000000003 92.76167691703527 89.4771872421836
25085.346 93.68682462765818 90.29886987642716
25150.275 92.97135903901678 89.46701337612359
25216.341 85.76540127154202 92.3789594851185
25285.868000000002 81.78333294655492 94.50888136352727
25356.407 80.59546267261763 93.07336998079313
25415.459 85.03377359878989 91.47116068875307
25476.087 83.44973834793439 91.0065541125269
25539.172000000002 85.00292613779591 89.44920489340373
25604.141 91.50518947847546 88.23021289664621
25663.998 93.57510027984083 90.5461476866729
25729.149 94.72413928644819 90.45655747321018
25797.233 93.43090556578431 89.29702729468522
25862.435 93.33516589427015 89.33866313611284
25925.976 93.05519268918741 89.18929498358028
25990.344 93.60670788190731 89.88265865573825
26051.947 89.6905956180514 94.00831076371172
26111.787 85.55505808154571 95.93452219163677
26176.315 84.81717679484049 96.5447848459314
26237.189000000002 89.61613308777669 92.21286636077703
26302.702 81.93432669648557 90.48903242877454
26361.12 86.7304517020411 90.07266239340885
26425.122000000003 91.93995158901727 89.36779522508282
26486.842 91.97280369367249 90.44309193916
26549.361999999997 93.71375748247914 92.03064775012145
26611.916 93.16189217661544 91.80728060324684
26673.875 92.57290047307956 88.91003623948838
26735.269 93.08011087075207 89.72487131515963
26799.042 93.47475280539787 89.4076886848052
26862.535 88.19637302082977 95.08796874579026
26923.971 82.47297150427671 95.74016688986613
26986.052 81.32839427313193 95.74875881481019
27049.647 83.09460233575476 96.27014467331837
27113.67 83.35731939827616 92.16602366340237
27174.600000000002 86.65817040593258 90.57402347793582
27235.691 91.0531124926766 88.23024834294102
27301.269 95.0270785062778 91.03837637832683
27376.046 94.88647295569328 90.88861888189435
27439.069 94.48013071409991 91.4699671719809
27501.622 93.24894518820007 87.96883981016035
27561.624 93.22600857000498 86.97599939689275
27626.273999999998 94.76887355593476 90.3228788146315
27688.448999999997 95.8871568640056 91.05016491928167
27750.104 87.27061747246671 94.91281219240177
27820.613 81.80085869013523 95.68519800154608
27885.69 82.53380973976886 95.99629595851331
27951.364999999998 88.17417254877925 93.55383065167173
28012.441 92.01027467822519 90.96387303709898
28074.054 92.09719910072216 89.77508972772765
28134.609999999997 93.06903752017209 88.83780730424847
28204.847 92.65520609478507 90.03738978434808
28261.372000000003 94.04707934442744 90.7110495899298
28325.433 93.84240963286202 90.57720483189918
28387.951999999997 93.93910830786507 90.8321155453331
28445.944 93.78132863742071 91.3242940037403
28511.122 93.93344144317757 91.56200774676205
28574.363999999998 88.63010009837484 97.37982450698522
28639.396 85.3214791403459 97.09008844598685
28717.742000000002 85.31390625094184 97.44474651287052
28780.889 94.72264693162069 94.46503518186066
28852.629 90.93339190925713 91.32575292560276
28919.698 87.12551997694295 90.34884396453683
28998.714 92.08272937947089 87.55357683992592
29056.317 92.36796308488309 89.86919847077648
29115.316 93.18710691014705 89.56253404628994
29176.988 92.83176495688859 88.09027385312916
29240.992 93.0597437348227 89.16454824764209
29303.066000000003 93.2714147941705 90.4009763681467
29370.197999999997 88.77090709337881 93.9178733708359
29433.896 92.80957723525121 97.32796238483625
29491.505 83.4767749472546 94.8943536315435
29553.737 83.24045571229463 93.80427374147293
29615.512 88.8694078658715 94.94749132128965
29678.766 89.15819053963102 92.11902965677777
29742.825 87.77359704472057 89.87149716138717
29804.799 92.76575097706704 88.40087476196962
29869.335 92.3129189613514 89.41135798960782
29929.006 92.77981163790488 89.85037951188805
30052.213 92.70039970561925 90.24073128818893
30117.581000000002 93.23924502216292 90.40189861701681
30179.17 93.92968200034643 89.63878692453868
30244.262 87.07383797800561 93.17210293863346
30306.462 81.60092595611118 93.94746870507424
30370.405000000002 79.94833726773862 94.20210559240054
30428.329 89.28757870046024 95.60056440102404
30491.917999999998 85.07801565157254 92.30236993329748
30557.454 87.92698607925111 91.48493504257375
30619.453 93.4593421354147 90.92330591039895
30678.068 93.76615185310385 90.98467592298573
30740.332 93.69919019387115 91.8482066048089
