1828.819 91.63474726152916 88.5672041474347
1939.862 91.93827204339573 88.6973227810884
1998.7820000000002 91.98764239002487 88.69967473129653
2062.627 91.97051923214734 88.69415371643156
2126.822 92.027335502536 88.84552554339763
2189.095 92.07850004874915 88.85768678737145
2253.0969999999998 92.03120644409604 88.98054501424255
2317.73 92.1293124552089 89.17164310008724
2380.892 92.14302079570516 89.19881294271494
2439.8909999999996 91.95630320102417 89.05954956198163
2512.4849999999997 92.0058064484899 89.06326236225622
2580.177 91.9095970195026 89.01091640931708
2640.497 91.93862531552007 89.03160729829989
2706.457 91.80767303196029 88.93232042483778
2766.664 91.90730877361109 89.11421739627622
2831.801 92.02223310173723 89.15427073468754
2895.376 92.0186955547986 89.14530157125566
2960.384 91.97983801941594 89.02195744852814
3022.466 91.88637951039495 89.00212133613928
3082.342 91.77863811136339 88.98605245107117
3146.424 91.7293451621801 88.95256772260035
3208.761 91.72863258578737 88.95344879464896
3281.319 91.67418495626485 88.90097040517765
3356.248 92.0577072675326 89.2081775564344
3420.279 92.0166541965659 89.19568890121019
3478.364 92.01798693971209 89.1779530924028
3539.442 92.00034047244915 89.19194713140871
3605.484 91.86029083525337 89.09490827042247
3663.386 91.81905444575695 89.03966385079747
3728.4790000000003 91.82656978522947 89.06386982145585
3791.169 92.02007570840519 89.13478148136716
3851.773 92.00095948083087 89.05276670238409
3918.491 91.9486506500267 88.96940035364801
3983.966 91.83197036059931 89.00744358823111
4040.919 91.91340019835823 89.06275943753502
4107.5650000000005 91.84456032643291 89.0608992520135
4168.786 92.10120981930936 89.20760223627781
4229.603 92.10694838039475 89.25473353009606
4289.099 91.91928753458936 89.04966672386385
4359.838 91.95660525295287 89.05135497754193
4422.008 91.92085077340238 89.0292974345984
4478.572 91.85699977335295 88.98922466499725
4541.571 91.90634323180888 89.09270412782921
4606.938 91.90661632361183 89.09975763957486
4671.987999999999 91.96215900447262 89.09078502343645
4735.011 91.84759249499355 89.04987071197202
4799.544 91.83889753700248 88.97621992941333
4864.565 91.84126209666135 88.91428419538154
4927.084 91.93758966583582 88.94471829184215
4986.612 91.91975233367978 88.9579995195646
5047.461 91.9571805769109 89.06850530318127
5106.339 91.97606576894367 89.08654567476457
5168.371999999999 92.03022015499317 89.10759306013688
5227.8820000000005 92.00129448936877 89.11570178769686
5299.089 92.07118651076078 89.23070883540008
5357.092 92.09448012241752 89.22003847077657
5417.681 92.14122214234035 89.28420297746862
5485.561 92.0547707768986 89.16164013146074
5549.5650000000005 92.06141856227705 89.17564831044773
5607.124 91.96968388617726 89.1521616693887
5669.902 91.93935670645895 89.07854810382294
5729.258 92.1151177402139 89.1115516375677
5797.327 92.13980320843201 89.16016738699004
5855.321 92.10239515831411 89.1343284853232
5917.853 92.26619074677555 89.29960773381383
5983.384 92.21762948043154 89.28814750603883
6046.376 92.3593797568491 89.38631577685783
6105.037 92.46447135877143 89.35548376574657
6169.398 92.61469245652368 89.68698200613703
6236.235 92.60348829557262 89.66682874486513
6296.735 92.60686329313357 89.55532613891101
6356.6320000000005 92.60104490992417 89.5025250317802
6419.884 92.63474913765091 89.46915917159299
6480.780000000001 92.75460238872249 89.50322179290399
6556.332 92.74130434239294 89.49588406150792
6626.456 92.71160730473544 89.49779072883751
6686.814 92.73914578857115 89.50781381080819
6748.731000000001 92.7296415812484 89.52088346584013
6810.527999999999 92.79136588959611 89.52733979450856
6873.675 93.14939619931627 89.84768501014253
6931.544 93.15874022738905 89.82275417339694
6996.177000000001 81.3327627659048 88.15741024461684
7055.205 79.92048483194914 87.62059308213456
7118.619 73.77133548695558 86.68269141596555
7183.642 73.8244436110175 86.23160174259662
7244.63 74.92300769352832 86.58713931737721
7309.099 74.26202583837353 86.8806430751335
7370.142000000001 74.62166302863088 86.5443251442105
7435.864 75.00583912259358 86.62579246345615
7496.382 83.36227299855781 88.39757394174111
7561.4980000000005 92.76456096839149 89.72560331195892
7623.674 93.17275994834735 90.13662341371858
7687.227 93.6517911618592 90.21175776359291
7750.592000000001 92.6934526482391 90.05762440139223
7822.159 92.5128653975929 83.7534458011579
7889.604 91.97444676925458 81.98834408339636
7954.078 92.54380349644461 74.99061300892882
8015.712 92.77996295616799 72.55775931417327
8078.982 92.76125106858338 71.71422000176759
8142.246999999999 92.77145698198768 72.03085063700834
8203.773 92.638340285279 72.64001988222637
8267.839 92.6520460354889 75.02476585711278
8331.353 92.49980048430886 82.53084447931995
8393.592999999999 92.39722647670655 87.79907662922982
8456.597 92.67674654492158 89.54930301148981
8518.648000000001 92.80931363330666 89.77975272149297
8580.895 92.99706192357718 89.96735243700233
8640.886 92.99893726488307 89.56431017536717
8716.454 93.33147235892956 89.83536528288082
8791.018 81.11605609800513 88.59183761747312
8850.113000000001 78.03503125917487 88.12645723357753
8909.991 75.9763407565121 87.46448794565931
8972.112 78.01621494972531 87.54503303516476
9034.485 74.91196448677762 87.31908227226606
9091.801 73.77523089922515 87.18552199805745
9156.339 74.44337367695216 87.11389203859945
9217.642 81.3561410495913 87.46317025786513
9276.775000000001 78.14291316016356 87.55506630067796
9344.823 81.37614844864274 87.58322282824523
9418.296 77.19745091543916 87.45393808926553
9482.811 93.29793270916066 89.96701004728924
9548.807 92.5239779643427 89.9229915717975
9608.769 93.32261035857223 90.177069902786
9667.970000000001 92.29945676334059 89.88766009758837
9734.038999999999 92.0317220983121 89.76712402818666
9798.926 90.97602478375512 88.16984893955964
9874.615 92.52449611925543 77.93886717097388
9934.315 92.47371110589815 75.56869713577109
9996.401 92.55897986823435 72.98785223234806
10056.172999999999 92.70702687827813 71.4405546772337
10120.772 92.58098688613335 72.19655108243616
10185.477 92.68276555866147 72.39333944140007
10249.048999999999 92.46865700849361 72.3483246254809
10307.642 92.69107575370857 75.65786556622928
10373.324999999999 92.15056622310316 80.54834679813426
10431.722 92.76500696838063 89.21122726181139
10493.668 93.00146285946325 90.19963964766472
10555.904999999999 92.73860035114356 89.93547809323401
10618.895 93.08084789441304 89.98524459164628
10681.048999999999 93.1079444577489 89.80808405062523
10755.599 93.09127714539422 90.13132278013781
10828.390000000001 87.3740020253103 89.8749883685016
10889.725 85.32273732156239 90.12298512469788
10952.237000000001 83.38719512848841 89.62634795016982
11014.879 78.82057549959936 88.74117407803158
11079.462 78.03236174448614 88.11764534103699
11140.167 81.0308619662472 89.1459838085358
11203.366 81.92338114958197 89.75933446590791
11266.377999999999 92.5047262060342 90.27827754313603
11332.068 93.05675617559507 90.24251542100811
11396.418000000001 92.90277647580014 89.98890793290131
11455.406 93.24453740925375 90.05313287491944
11514.249 92.22704499517701 89.96124636605686
11579.342 92.27628569725287 89.84726403046956
11638.365 91.69794511525188 86.80253338305116
11703.671 91.87126440066501 82.91856647498346
11764.811 91.748388534857 83.02528561910104
11833.503999999999 91.53151918017238 85.29579313861622
11889.165 91.7129337591653 84.57940605246749
11953.044 91.14563513421074 87.04399672441265
12014.011999999999 91.11940978760506 87.13359837666066
12079.109 92.09917576389897 89.54633561483698
12137.537999999999 92.27067713098141 89.71115904891754
12201.822 92.30499530499074 89.60982864756853
12264.331 92.31235617827697 89.58512478708832
12335.536 92.56588122151581 89.74666387566525
12405.144 93.1037104062055 90.14874941883751
12473.181 92.96210792363934 90.34645162702597
12531.561 92.36919166670576 90.03361701863116
12603.6 86.25760118486679 89.65859092752522
12671.246 85.54520193209812 89.66371425356118
12735.448999999999 86.25186895729436 89.77631508930601
12801.366 92.11953875625119 90.19008071073898
12862.398000000001 92.3316480023543 90.0441146585817
12923.642 92.71354823826691 89.80190451525324
12986.846 92.4930829826499 89.63546162979983
13051.593 92.30696659854661 89.61145799876252
13115.019 92.30702234895763 89.64848281605394
13181.046 92.08899237257653 89.65879953358336
13254.469000000001 91.78016162344488 89.3525152881823
13315.997 91.64492349725307 89.19292858915827
13376.253 91.70635868949019 86.98238270267683
13441.792 92.04777167967997 81.69940301816041
13500.393 92.10466600140012 82.53933610501498
13567.593 92.0491991532033 82.42428412458696
13627.751 91.90366468227133 88.36915484727929
13694.343 92.28594570975321 89.32338016035492
13752.243999999999 92.38861537510496 89.01112542104093
13816.789 92.33449373233807 89.57392408004685
13874.280999999999 92.49176016210005 89.97583160404602
13940.256 92.53297989381971 89.72996610035653
13999.027999999998 92.60189022209117 89.87596765170245
14063.128 92.86516770294621 90.06540262710286
14122.776 93.0019642778175 90.05030529108528
14186.330999999998 93.15788961842186 90.12087584764045
14248.53 92.87081823109015 90.19374667431474
14312.110999999999 92.53003546312726 89.91715945731781
14373.056 91.87973163854211 89.80683401881537
14445.824999999999 89.40295470443306 89.78180770679683
14520.799 90.46932724777346 89.9460020768926
14608.974999999999 92.33482803990813 89.80711270597169
14673.261999999999 92.81113557644905 89.80162681287574
14733.029 92.96292012010555 89.84001441388838
14800.591 92.9422382416204 89.8319771646945
14857.702 92.74342042860566 89.64184871762502
14922.259 92.59467788010144 89.72157797370015
14983.505 92.31413418187253 89.68736741943181
15046.482 91.39585300273205 90.21862890203654
15108.777 91.1347521314587 89.27259427438273
15172.804 91.03207281505954 86.12697256584869
15234.158000000001 91.23829929273087 84.80052683105352
15295.229000000001 91.70085176964491 80.31439617893929
15357.103000000001 91.85168726244328 81.20244332749249
15422.784 91.8771894218895 81.51215073678956
15487.404 91.83816846757813 88.41623065361004
15547.375 92.15661038461474 89.22774125920347
15619.028 92.18178902673858 89.45462986916301
15694.039999999999 92.3787152107228 89.80419279292192
15756.045 92.45362175040296 89.86978880101394
15813.432 92.47439568474272 89.87785320297085
15877.28 92.5440824608638 89.95221184662421
15941.382000000001 88.855525109522 89.63487861990538
16004.887 85.9946970892865 89.46587603411581
16071.641 82.35303710331685 89.23725515145686
16134.194999999998 77.21048337553891 87.5742093110947
16192.661999999998 76.2397729993218 87.79817489608662
16255.762 75.99340853194921 87.64262291775744
16324.139 72.20110549113335 87.83321862324884
16383.385 83.13663269727695 89.01573807583702
16446.548 87.46257761777926 89.67949071083923
16511.299000000003 92.96977583190849 89.93747899759973
16572.768 92.68924741040296 89.77985891025338
16634.019 92.56076827159292 89.64365011241821
16698.929 91.91674468136505 89.6359963112345
16761.492000000002 91.97664097333812 89.64277609643305
16833.079999999998 92.13068630780684 89.63715429430749
16903.681 92.34050720912539 89.75539900119401
16965.693000000003 92.01298623329228 83.46773853820928
17030.342 92.22627822094164 80.25879560941982
17089.794 92.46569846675393 79.79173714262893
17168.541999999998 92.42918328900794 77.82819888197882
17238.086 92.23497628313291 80.56746291674472
17296.086 91.66003955652926 85.16515816225326
17356.355 92.36620948475701 89.03836012465757
17421.885 92.51321586825416 89.57623859318174
17482.928 92.59198096561748 89.5920389000868
17545.399 92.58781849531746 89.37839368885302
17609.216 92.6624677013253 89.40074197638815
17674.24 92.95550025284811 89.59840880689838
17739.384000000002 93.0111995246301 89.54992486622815
17797.268 84.44044365930418 89.20496816757839
17859.469 79.22279179403354 88.84852582903952
17920.016 79.19156058464206 88.5364985473677
17988.631999999998 77.98697600269708 88.07530980878693
18076.89 81.04535570777858 88.72118891604714
18144.129 92.4069477305867 89.63105074647939
18202.776 92.87376319050861 89.7189877878966
18265.865999999998 92.76405482507207 89.63043585950402
18327.915999999997 92.51563323743639 89.4969736246346
18389.955 92.22021080692349 89.46820082222445
18453.895 92.37502703702354 89.5818128509088
18516.299 92.21777984179799 89.63442683187296
18591.878 91.36671118187519 86.90714960656143
18660.905 91.60291298806061 84.83505658199468
18722.162 91.90466513954816 82.61986490201802
18782.41 92.17585077886524 80.86108804243742
18845.782 92.0716132496989 81.46468006538939
18911.729 91.9275511453668 82.72120378414812
18971.727000000003 92.29727407528021 89.00664958451927
19036.49 92.18636243852649 89.47493173810876
19101.357 92.18375492835673 89.75178942282996
19164.89 92.18785537391588 89.40895023781094
19227.234 92.25709925311567 89.42526053523716
19290.433 92.27415205527828 89.35184668069545
19351.874 92.26989771687957 89.44154778804456
19414.479 92.26141225469783 89.44737206967335
19474.284 92.26295623606907 89.28819431668964
19538.502 92.23224706842865 89.4405631886404
19603.577999999998 92.38928564467629 89.37684427866868
19663.578999999998 92.39215447484139 89.67729355656132
19724.695 92.41078498818568 89.54223214187225
19787.863999999998 92.35772595613159 89.43513651069075
19851.375 92.41560710012834 89.43759128918784
19911.927 92.37964868568797 89.41220395199576
19987.506 92.5567758722622 89.60116609772325
20057.162 92.46900575161669 89.62977087959581
20120.605 92.5789659656104 89.60747160189612
20193.272 92.56077136886928 89.59468881960173
20260.525 92.3990672460838 89.5379293163191
20323.724 92.37852950464519 89.5590057488793
20388.623 92.38032384901271 89.49604985991256
20447.803 92.40013473143956 89.62288169231667
20512.761000000002 92.34208251600737 89.61695796987395
20573.047 92.40442951168825 89.61343397277548
20635.62 92.39731030376834 89.5718711554424
20698.485 92.47137907991866 89.58803223798569
20805.061999999998 92.42333707234089 89.39415027907876
20877.966 92.40231265232522 89.39867487508782
20937.56 92.42468911407427 89.44144628502912
21009.134 92.40421067344981 89.44136794722723
21075.53 92.38845933614421 89.42037670959262
21138.174 92.45083225739779 89.50692149856238
21202.037 92.43244946787111 89.44054667153797
21263.038 92.33966325035365 89.41293808045559
21326.391 92.30446867413524 89.42387639756024
21387.567 92.32718647622957 89.58322789768934
21451.158 92.34945041700277 89.57015368293862
21516.542 92.36479370551528 89.55584965949161
21578.549 92.30346741664918 89.48749313181798
21639.875 92.39026344711924 89.49955602289722
21704.629 92.34135381385953 89.48011555395502
21766.867000000002 92.31617435154598 89.4840023512528
21824.706 92.29022553958079 89.46859786000844
21887.207 92.58815233345166 89.45495752789269
21951.29 92.74030300436696 89.43532839655137
22023.129999999997 92.62574039120122 89.42529956197639
22096.978 74.84977548067197 87.1128109345438
22157.354000000003 75.86037268078435 87.18788566735805
22221.647999999997 75.59139325562622 87.10568435957569
22279.703 90.2530396602492 87.7757832013305
22343.578999999998 90.96587503073862 85.36277212875821
22404.367000000002 91.07706089894022 85.4539854207556
22467.245 92.49935866322646 80.13326077658435
22530.577 86.13312565691089 86.8277269144228
22598.156 84.01349777523582 86.2273806439501
22656.348 68.04614285934491 84.65648413181371
22715.421 71.19211013859618 87.51644769751128
22779.371000000003 78.86765122410328 88.25274674104662
22841.558 78.89717336589376 88.9053965109425
22903.208 92.64244738341156 75.22387054142051
22967.27 93.22625691754128 73.75925122923356
23026.142 92.44733485997352 73.34622400046067
23089.634000000002 92.91267661359473 76.62932943023003
23153.789 76.9273103222476 86.43696051256396
23219.391000000003 76.72725024209076 86.63264784403638
23282.990999999998 71.27419098555819 88.85080332053457
23350.5 70.85391133315822 85.99659194871757
23421.078 79.08098876140123 89.38701848445997
23507.715999999997 91.10574605232986 74.65576919323559
23577.811 92.32206542470483 68.41549694404513
23642.078 92.28218725087193 70.89954468313852
23702.717 89.42259048356803 86.27338813308882
23767.497 81.50871438700297 85.70432084586264
23829.204 67.82001483908797 88.02170703723849
23891.079 72.38249391039349 89.96685809077202
23953.826 73.04741496021096 85.47698472769841
24016.387000000002 83.99733717310392 88.55333747521193
24077.573999999997 90.79965462730176 85.64286663601455
24141.31 91.49008326656846 69.93772106668203
24207.221 90.53314016854921 72.63184338422558
24268.218999999997 91.38524856463317 76.0565592973553
24328.040999999997 90.81527772269783 87.73590313931702
24391.343 78.82638740505645 88.61281452345592
24451.856 70.4154246625719 89.86893436013624
24519.133 71.41698714238254 89.76465202124702
24580.964 71.5345233959756 90.09826622852883
24650.659 89.85237369903035 88.6167999254117
24726.258 92.36429179391953 87.72910279518767
24790.272 92.82721011406797 70.55111827838033
24848.293999999998 92.61197625587576 74.3270368861654
24912.448 91.0332942009026 88.93880641531022
24978.672 86.35763390924443 88.28922774186765
25037.163 73.88540637797139 88.9502292792428
25098.147999999997 74.47193606880336 89.82912478114365
25159.116 72.41414460878741 91.09931565775796
25221.643 87.86590234237956 87.16468942055279
25282.974 91.63803314486488 77.09403343354427
25347.61 92.04468895738819 75.32735646565257
25412.416 92.20501121714379 77.35614784555868
25481.441 91.2847790130785 73.22984570747772
25553.517 92.0962367663467 74.7354502118557
25619.799 72.19073645261228 86.69207109209792
25675.595999999998 71.01027106693309 88.5707799554067
25749.766 73.55362823970971 88.54038517156557
25845.581 87.49028096686052 88.8391610273346
25912.146 90.82212742385249 86.74280864943569
25975.139 91.99153401339221 85.46783717028723
26037.661 91.01046897165831 77.4077902158564
26097.113 91.36217554664178 77.10562179810002
26158.214 92.20384526273604 77.61353875846325
26233.149999999998 93.60075299126348 111.65854938101057
26300.885000000002 93.85469036975611 115.33994576968261
26363.014 93.98864967329813 115.16407324740648
26425.702999999998 93.55629076923182 96.69940169025537
26490.41 93.35471659775729 91.2599395609496
26548.811 94.00733180476163 83.15222709272658
26618.097999999998 93.61691215303973 85.5047940997942
26678.593 92.29619176129142 90.7359390745684
26738.173 91.77260622589813 90.52021433719025
26797.536 93.327942460858 91.5937715660322
26860.332 89.22391779950411 94.52640044709321
26922.481 89.36220314689896 94.36787654150227
26984.548 89.61332959855889 95.36868564596261
27048.313000000002 89.43830911732955 93.61744501732079
27180.759 92.90762791128314 93.72692103749944
27252.423 93.48448239530896 91.24439508493126
27313.371 92.67686827509812 90.20450849767082
27373.933 92.58190629834543 89.990723706621
27437.692 91.88531777178083 89.64779526650833
27499.127 93.31763698108814 89.66548547487882
27564.772999999997 93.02291577906382 89.89345941311811
27627.982 92.40414317348005 89.89687640841456
27689.495000000003 93.1697403450514 89.92134922589217
27752.120000000003 93.11901132216903 89.89828657803862
27817.339 92.81267202163123 89.98624908782784
27879.302 93.40564969960744 89.9187136353413
27941.265000000003 93.51612418229499 90.12997383463798
28004.931 93.86929304798663 90.2941936977416
28069.932999999997 93.80757031028028 90.55715282668912
28135.648 93.88487461276246 90.66379240638564
28190.181 93.55185124619572 90.31767871918709
28254.158 93.47011644928853 90.16803642045096
28317.746 93.29351906852021 90.10481452584297
28389.796000000002 93.11885871111816 89.85191610994103
