1845.731 92.0227138373705 88.5559219044388
1967.303 95.73289926856813 90.05202578715405
2032.2809999999997 95.5761517329285 90.49997896953157
2094.817 95.77663135357807 90.62613628348855
2155.8160000000003 96.37674605408401 90.75126869538549
2218.944 96.07804053425264 90.21254073378182
2284.168 95.81907722457974 90.86318752260811
2344.3390000000004 95.52579559336392 90.66562597988043
2406.391 96.1317962172818 90.55522945991946
2470.3810000000003 95.81581984725973 91.2795841971958
2529.522 95.94252269916227 91.47489073217739
2590.0 96.67113181081882 91.7851180852641
2650.821 96.49639667525494 91.82173526623231
2714.2050000000004 96.16972595835212 91.56594074612467
2778.2110000000002 96.21462362381037 91.40522356945003
2849.771 95.86828395484598 91.31509575996293
2916.545 95.53861591186214 91.07309089315419
2978.674 95.91102947303995 91.26750444343564
3041.398 95.92043479943712 91.40128140650542
3101.817 96.44742230266378 92.00224669459
3164.518 96.03674722944949 91.19936717483873
3226.328 95.93935776036072 91.0967504260443
3291.887 96.04030939955649 91.04042433928218
3355.963 96.01523229574715 90.65511812140642
3414.025 96.38284250230632 91.11388295471136
3478.753 96.3392091317814 90.93367010952454
3540.7760000000003 96.31397530958687 90.88325085136397
3607.223 96.23104250430757 91.46258969575257
3665.233 96.73757955042042 91.11849781293562
3728.52 96.69358645938671 91.11324939048292
3790.615 96.95678783202668 91.18099518326622
3854.992 96.90811013756326 91.61862651618533
3918.599 95.84211594560598 90.81597507485506
3981.306 95.8202311068085 91.34883382327165
4048.665 95.3282341717319 90.47390779664359
4112.901 88.46583490469587 90.95364196638805
4166.899 84.98127729674613 90.35757072248086
4231.669 86.56745038562684 90.2769148029695
4294.246 86.15839813976523 89.69834851152397
4367.931 88.30024178562833 89.00040075599371
4452.4800000000005 90.11014292927511 89.77343103391806
4527.027 92.68358858903906 76.78615907899405
4595.188 95.23326300420354 72.97355241275214
4656.695 93.53873928136852 75.36686484482513
4717.552000000001 91.39724699659912 77.21733335552837
4781.328 92.17352663747664 87.99303362434104
4844.451 92.80303334416564 90.10925685031926
4906.107999999999 86.83556357803559 89.01375204940295
4968.806 76.93087082991198 88.44343332010052
5030.951 83.23150331863701 91.16250890779422
5096.268 75.04026743531489 89.2547890313798
5153.728 88.19938379034569 89.14294450371038
5215.539 91.93775299968335 89.47053414869869
5280.481 93.59007309326941 89.48077558630453
5342.0560000000005 93.61096726107287 74.24024201452823
5406.421 92.87755436329246 67.76898149417559
5467.4800000000005 92.55327176874435 69.82428715468825
5533.4839999999995 91.63942306441257 88.4184562997046
5593.052 91.9573500868056 89.07068212425722
5655.105 90.55161343889549 88.31469568243742
5716.701999999999 87.73764717291465 88.45236579419975
5778.991 72.21346061818384 88.27764354620733
5839.78 79.70896198234065 89.31373940026853
5903.313 80.00836791315275 90.13657070458356
5970.386 91.02602760681502 89.28381520887764
6032.94 89.95224600406576 93.10238536222776
6094.157 91.28843262673122 90.23072979799653
6167.82 91.75194962939415 89.70368556100497
6238.847 92.41175455685514 68.94734966046053
6298.197 92.76000938919078 71.53510522470694
6359.535 93.41563746267589 78.22449558404608
6425.755 93.19014976458305 88.55139231810725
6485.353 91.31108468991361 88.00491747653271
6545.376 80.16766268179502 88.43679223501138
6611.259 75.19180111089763 88.8379073450986
6670.839 72.86341141805882 87.90276803968256
6732.375 77.82901150165155 88.41698612772308
6796.093 90.81999699816609 90.49278245579261
6859.546 90.20049698156002 89.29030399783443
6921.949 90.50998278634295 86.1589691694349
6985.9710000000005 90.89878028911697 86.15344105672027
7048.154 92.43029879591451 75.22386873366511
7111.673 91.93091988798986 80.57726614034732
7171.6759999999995 92.02442447373153 87.26050119220696
7235.283 89.55818544007056 88.1521015027838
7296.185 86.27161254839987 88.67303417370263
7360.396 85.05410455987935 88.8348077575198
7420.101 83.38828356323181 90.1663827512603
7483.405000000001 81.26583211923536 89.23744976349676
7563.009 80.64055302619357 89.19494009207177
7629.374000000001 82.77767956402859 87.60413610916416
7691.923 91.26206547976496 88.15816132721324
7752.919000000001 92.28873631400567 84.53952798081632
7812.457 94.09485421681936 78.56136569521195
7876.883000000001 92.58430530590084 79.93339232552054
7935.354 92.10196139211534 87.81141125382395
8000.983 91.58518977102631 90.45495847036614
8062.9980000000005 80.36616288923048 88.94783072391185
8128.535 89.90170912537653 90.52987557462292
8187.222999999999 81.28936858357295 91.47885821784068
8251.255000000001 76.87091848714036 90.30358524564089
8310.908 81.9720049832905 89.84500339822382
8376.324999999999 90.6322000276212 89.32158875516205
8435.567000000001 92.96233880995187 89.25207529188582
8497.497 93.9048983862498 84.94557263688948
8561.536 94.9432529649687 78.41959541607075
8679.695 93.5027914838554 75.56619843045817
8756.214 92.10670437915584 89.93480749629254
8812.060000000001 92.08012536808421 87.65067558248664
8875.595000000001 78.86576715848277 88.69747724569069
8938.877 79.5441706826597 90.14547253946348
9002.425000000001 66.92717228532499 89.64197753409344
9060.846 68.65516616144428 88.52789947777995
9126.484 86.43319111634014 88.85667515665057
9186.011 90.11676181565424 89.16488743915198
9251.675000000001 92.29794873189704 89.37999973053424
9314.996000000001 93.07986955729302 78.11785592675865
9379.005 93.7832349197572 70.93460761637401
9437.327 92.33134042629509 67.95800935296776
9500.599 92.06372890750396 70.19926265045862
9561.625 92.87379398535342 89.51881441726773
9623.449 92.88526283945629 89.81002433228713
9686.752999999999 92.43651150407156 88.2193919637266
9749.931999999999 78.73648124373426 90.0332380097407
9810.821 81.7728574784948 90.62739995698789
9886.671 74.84176140751036 89.31959232142896
9950.868 92.89188803022545 90.44605811836865
10011.409 92.75762662489872 89.5066343371436
10079.121000000001 93.0302450786467 89.52926930608523
10141.224 94.34862695854669 79.45750065570908
10204.761 93.81377778790592 72.68449885690374
10283.814 92.59448530751087 70.99229658792504
10351.389 93.64623510325434 90.01961795108204
10416.582 91.92276725491446 89.1148198437848
10476.571 91.94050875580162 88.7275426133087
10540.751 85.5299076580886 88.74611728474933
10602.552 72.44615825035831 87.53653645107703
10662.682 73.17705993890826 87.34252970157095
10724.461 75.42638386559997 89.17078385143417
10789.161 90.99506084362312 89.40450128627175
10854.621 92.90501530946679 89.13974582924547
10913.94 92.60355115663684 88.93651866692261
10976.136999999999 92.18437018131924 88.87757021175364
11040.626 91.41547563642484 69.018731147934
11103.562 92.73045324105104 73.06909858852524
11164.821999999998 92.1709361911588 80.13044946444292
11229.01 90.52668453512094 87.8355515239409
11293.313 90.95422727478743 88.11496827048995
11351.526 90.66553963591191 86.5355463884335
11414.025 88.49200368860731 87.10382012635901
11480.131 77.4770825722002 88.92464807720768
11544.646999999999 78.84379977366808 89.43796028108586
11604.965 82.71299521173836 89.26028867461011
11671.971 93.72327986075092 89.8116549077453
11733.779999999999 94.40640651434225 89.39000112695015
11795.33 92.98500952210617 88.6028940267841
11857.583999999999 92.46442085143988 81.20340844170613
11919.571 92.64184033483174 85.03076436038461
11983.663 92.43612882043281 87.65825884257511
12045.743999999999 83.20303463707592 89.29001115990731
12109.121 81.69599914364477 89.08147723461721
12174.195 80.74469508593852 89.01134898502127
12235.603 77.97546731301496 89.03022401841034
12297.214 87.00595682410098 89.23712034469234
12361.188 86.61433693237187 89.01941842949307
12422.544 93.38508402015871 89.89403534087545
12483.301000000001 93.74943693656617 82.53785761664268
12543.483999999999 94.0821690758121 78.03308026573202
12606.463 93.07120249099289 79.51647231197212
12668.519999999999 92.13531368909189 70.04785190931189
12731.047 92.57934319877339 89.655343681429
12793.766 92.80045479801785 88.76400897770056
12856.03 92.73824227911494 88.51240095178512
12920.351 82.03104519657417 88.73372431528355
12992.59 75.92505443600827 89.06431412448669
13060.052000000001 78.70976278393766 89.4640937143146
13119.587 86.43453599938499 88.7412560190524
13181.255000000001 89.80757757987601 89.08068406075485
13244.481 92.35187467384567 89.02967630662867
13307.756 91.86994219927126 88.27603737508527
13369.24 93.69392822939867 76.79919052284737
13430.858 93.04685801071753 72.04651944302329
13492.104 91.80637086325449 69.63064204081478
13552.099 91.13328798660147 86.96158275060516
13615.468 91.59459246046288 89.32061770046732
13678.649 90.13076758883975 88.65698677478079
13741.747 81.0115297792568 88.9154488686256
13804.86 78.78321665009564 88.69991935006348
13867.09 79.98854881715354 89.7563058964957
13928.717 80.02707036734911 89.57692928469136
13996.885 88.84812088410747 89.24321496205376
14067.03 90.98329680878784 88.80564665917404
14135.108 91.90260256310181 88.810528746671
14195.380000000001 95.13946690183548 76.0491072789793
14258.911 93.7810599380856 68.78382128008813
14320.351999999999 92.93141854246666 71.16292929784743
14386.467 92.02841231344426 89.88247843109774
14443.688 92.044052812471 88.95471468540467
14510.287999999999 91.55037203015709 88.56141951404457
14569.898000000001 78.26116071996358 89.30290437293367
14630.277 80.36764502175255 89.76698749718886
14694.429 81.55098324784372 91.43007912099807
14758.046 75.23545890457619 89.5027669795309
14818.116 89.59261995547129 89.26671279098004
14882.377999999999 92.22041952616037 89.190080198077
14944.546 92.2090988692874 89.99353791177575
15006.714 93.18061552528451 75.81305579966669
15071.763 91.89197459955473 77.26782562517072
15131.423 91.95229927294754 84.12847609270929
15194.845000000001 91.76248273537809 85.31826472402169
15259.895999999999 93.25673609423673 90.19907497202388
15321.407000000001 93.31823671879884 88.37082557666662
15381.762999999999 84.26273248904309 89.09245766531429
15443.47 78.4764846957072 88.0835707426072
15507.067 81.5157552073593 88.59400717964334
15571.286 82.98212835371743 90.03360234772519
15634.665 78.0777557310765 89.15533491514081
15711.938999999998 90.36065795641721 89.22120059482518
15770.443 91.38888498945451 88.6873246691753
15832.464 91.71616933440943 86.84666264718642
15895.5 94.08287489068108 76.0735055404039
15959.714 93.17521565871763 79.37500193833533
16016.668 92.06338699336652 80.09123529986537
16081.157000000001 93.09053137816582 88.13663102650311
16146.377999999999 91.85023016720005 88.22195246145827
16203.934000000001 83.67575406106171 88.54122176975116
16266.549 82.30729005834881 90.34095598135822
16330.268 82.60863082533591 91.23201468259656
16392.245 77.5088995217055 90.44201302063796
16459.06 82.20723898990856 90.70118425030894
16521.576 90.20306963362509 89.82510047797675
16584.728 92.53029987278198 92.40639221019792
16644.814 93.6140689137103 89.61017572054772
16709.43 94.01510276820096 71.0500251891259
16768.388000000003 93.32011035286175 80.98639787440631
16832.197 92.572118156015 89.22962478555559
16892.654 92.29444131560588 88.75550700256746
16960.754 88.62912380244097 90.03552460341092
17027.11 77.62197265079537 90.10447974155255
17102.207 77.24473471891316 91.31569600780836
17163.253 84.674293163078 89.641078427332
17228.582 87.42567294601537 86.88192295706881
17292.25 90.50471423623114 85.06481584917557
17355.765000000003 92.75012900562686 73.90005064241299
17418.669 92.67451148803946 88.66893904189736
17476.868 89.69073174120777 88.1416397401941
17538.566 88.31972171254274 88.43397709445689
17601.095 79.09989785091038 89.44124629160352
17662.744 70.76731018560653 89.15455081094885
17727.836 68.7467707519215 87.25465154477068
17787.486 83.75361182690013 88.46777381535544
17854.637 90.89234618772277 89.51231011221275
17912.239 91.97509150917926 88.47625740132546
17976.73 93.74239071904498 75.95575395103619
18035.556 92.8069937504273 84.84959781700098
18101.771 91.68230940181343 84.29414849810915
18164.117000000002 89.08459616839691 84.71959288513622
18226.631999999998 77.64323738221329 88.27727727921386
18288.628 58.55796464762664 88.40334337094622
18351.79 61.415741651727856 87.03064305545581
18413.753 90.33995354259767 88.78082277853079
18475.336 90.362047442375 87.79761171935986
18540.396 91.52862237251601 88.08863847188799
18603.482 95.17360477493934 67.87229044376568
18667.496 94.38761731380451 74.83241226497017
18730.519 91.75732407842598 88.36322863130798
18792.524 90.29937330924885 86.33067876554458
18853.665 68.3814534433353 85.67439520601422
18916.201999999997 64.35293986071024 86.69129468678605
18976.203 66.0766889360929 86.61151306361074
19040.624 87.77010407021366 88.42400276937856
19104.515 90.98964677647635 88.46571788031774
19167.551 90.58771597449409 90.84277726074171
19227.505 93.79884436936057 66.7249104579103
19293.557 92.8808953655856 77.07012113086081
19355.246000000003 91.79777330548606 87.54603695759096
19419.787 90.06048544957636 86.84316062284553
19480.3 84.3571769031854 88.12000089328345
19543.796000000002 69.14397159865453 87.26385108137393
19603.522999999997 66.920612067485 88.69511786668585
19668.029000000002 88.00051577419356 89.5931270217048
19727.583 91.5302614352333 89.20874894525893
19836.099000000002 90.83532080902435 87.11727701672837
19901.837 93.4329014123401 66.35664280821256
19964.184 93.60623379484124 70.65306299576123
20027.527 89.086032492149 86.30420005714241
20087.64 86.81639049963796 85.80758373889785
20151.301 83.8994993939918 85.80567158807463
20216.010000000002 68.9754899220371 88.23730372628046
20276.095 70.36655620755135 88.52224868931742
20337.890000000003 84.2340687257008 90.58637696181343
20400.316 83.94080241146253 88.45637431197595
20481.298 89.06799425164327 87.18918746314036
20548.234 91.00586461915519 87.17834720810427
20603.024 91.57151182776558 72.92136816422482
20667.159000000003 91.23318778297585 89.7720187654109
20730.96 91.34265580984051 86.87703359396214
20792.925 91.9445669601286 87.53692143825535
20858.45 93.04623579485138 88.86811453684655
20921.128 88.80880448139618 88.29930431726477
21025.272999999997 83.74761294394293 88.33729927756697
21102.628 71.6603765110527 85.55731509590466
21193.041 76.79626795229775 85.58431072794379
21262.552 90.00038584540759 88.28021579713884
21321.286 88.73152509313937 89.02969542828376
21387.287 89.5456087470629 82.8721914105039
21445.892 89.21162009033085 79.6523123713859
21511.8 89.40640663868722 67.06155257174288
21573.283 89.3438358537479 67.39385696971961
21633.816 90.56981344889178 71.8981172291181
21697.861 90.44314846513926 79.39938405054014
21759.645 92.23619818533957 88.51274282980975
21825.335 92.47661344569107 89.04603242671652
21889.471 71.1581127635319 87.48362459503481
21951.019 78.34415905154086 90.10033863133584
22016.053 75.47456095616384 89.08965076805767
22081.738 83.40152138382042 91.24632596268108
22138.061 84.45086146907674 88.81666166067825
22202.139 85.62039426715828 89.24083918636224
22265.138 88.9960810782533 89.29102433162674
22332.699 93.55942483161154 81.20410336609262
22392.710000000003 92.34101306965543 80.27215442350247
22455.144 90.91633122929872 68.95333467066634
22519.677000000003 89.84043719804987 67.99909870443551
22580.68 92.76411113001753 73.37143768779653
22642.224 94.19046993137032 86.02868083659307
22707.754999999997 92.17879299366628 89.71683448950864
22784.756 82.35366229915749 87.73693944607628
22849.278000000002 79.10822089596407 88.35473166225424
22909.804 70.9485050551448 86.46067355567602
22975.805 70.98859474015944 87.46933796865437
23049.106 72.45993658734126 86.58512068876283
23117.589 84.92260940529393 86.59048415760323
23190.594 90.45147076335059 86.86533510695135
23254.107 92.26050691009901 85.81082745797583
23319.358 93.45063517842429 73.01986732003907
23379.772 91.2493235634362 70.34464368345486
23439.679 90.23107179816536 68.70502725780742
23508.084 90.7495196797539 74.30377108014082
23563.609 91.20012939857294 88.77164954407534
23629.198 91.21642406455075 88.97856744604779
23688.775 92.28619478909829 89.18328722987341
23757.48 86.61323363387336 90.85289998006277
23814.516 67.52252431699654 87.51591916341235
23922.711 68.66359799310237 87.70452929085634
23988.77 87.66319214357875 88.51734164784224
24052.395 91.53603128362727 88.40055573548152
24117.947999999997 84.81397574751578 90.19756089536637
24177.489999999998 91.34028805050366 85.99659473314337
24242.66 91.90693154886199 91.77741534431661
24302.314 92.6015417373654 73.13297878780752
24366.337000000003 91.75058685702855 71.37152954919121
24427.661 93.17655559114421 77.14906045304146
24490.819 90.98652357757844 86.20348727665686
24552.331 90.18532899604446 86.98962715140642
24616.367000000002 89.08522496638173 84.65933683350418
24682.004 86.89962667175136 89.85980456135891
24743.546 80.9846244625232 89.56624497039006
24804.843 80.2562095488472 89.25753341262079
24868.403000000002 77.22989350088982 88.75214432825759
24929.712 91.72172430883109 86.83881196172997
24991.716 91.98287543892619 88.72410651759155
25052.878 90.65296974182903 89.41264564282712
25115.411 92.23333239634181 89.21403411206681
25179.048000000003 94.53888707630631 73.3306439978307
25241.925 94.7617522143624 71.64318779653209
25304.608 94.13505780575095 72.87111066840099
25364.432 93.05613952955933 76.50653337936677
25437.98 92.02671268639257 88.86119459554621
25509.296 90.70417030192631 88.40215383000253
25569.036 90.90311700399353 89.3233896880986
25629.846 74.57996666308922 89.25540807529114
25697.032 76.79505541688614 89.22731648904119
25753.638 85.62005558761047 88.03389657154307
25817.07 91.16973772156624 87.93519604705477
25880.576 91.74431060293557 90.08360133112559
25947.151 92.69338080434837 90.47781142967295
26002.16 93.21031618340552 89.51407912713124
26068.227 93.60167275242281 73.93349707567394
26128.15 91.9733115098741 70.41081714222382
26192.608 92.50707970782814 71.79358859825442
