1737856173987.52 91.58021483128907 89.1464578340353
1737856174077.558 93.48000149015871 89.92810377082947
1737856174135.229 93.69510142481252 90.17164420168885
1737856174280.762 93.7504416644328 90.1985037018989
1737856174337.654 93.9731359213106 90.21119291340227
1737856174404.4832 93.86984972134248 90.35204530098093
1737856174463.065 93.91785089746794 90.44524603675634
1737856174522.22 93.89979516503637 90.51304009093606
1737856174588.367 93.88026605985287 90.40828710970091
1737856174650.187 93.93205120972475 90.39421599706647
1737856174708.7268 93.90520559443229 90.35241371862644
1737856174771.201 93.86322212308163 90.35099628054263
1737856174832.648 94.05921092898224 90.38441998420578
1737856174894.905 93.99990563344727 90.56783073386008
1737856174969.6501 93.99718589460771 90.57081143908538
1737856175055.1309 93.98874709814505 90.57528781149556
1737856175140.6072 94.02836918771305 90.51100196147718
1737856175212.162 94.05951952434701 90.43903373317578
1737856175264.869 94.05299842123343 90.4467013284555
1737856175326.114 94.0479458387839 90.50142037173036
1737856175390.3552 94.01494501702884 90.47471358942427
1737856175447.301 93.93360668455323 90.46968418452245
1737856175507.907 93.9236709634324 90.42372445009295
1737856175573.62 93.90064098175108 90.46945357078316
1737856175631.382 93.89304606288364 90.53001211757372
1737856175691.8362 93.84446887818613 90.40791096303823
1737856175746.157 93.79049341770393 90.39179962399511
1737856175809.23 93.77712973206087 90.49402133658042
1737856175870.6638 93.76590682891141 90.76818062088614
1737856175934.8372 93.7627344329121 90.7261820673269
1737856176002.558 93.80248686563228 90.79119030925604
1737856176059.132 93.79103857529182 90.76122731957102
1737856176126.5261 94.06246553244027 90.67545914764342
1737856176190.428 94.0106933652319 90.70744156212143
1737856176247.3298 94.01914269499322 90.80923839438549
1737856176307.7231 93.794448640934 90.45789382377961
1737856176368.9722 93.89229531603328 90.45571347528282
1737856176434.191 93.99772594335943 90.57441476166598
1737856176496.382 94.01523166508231 90.69570013984837
1737856176556.267 94.07113644987515 90.89521152489581
1737856176617.467 93.7167750988511 90.63378523707719
1737856176679.18 80.68035410830241 90.3458473455344
1737856176739.4878 74.25247121461155 89.78584712014404
1737856176802.323 68.76935109230253 90.41548767894564
1737856176865.093 67.01095131145767 88.36128360362243
1737856176927.789 74.52208078655508 87.52879869495322
1737856176989.809 84.48898953287443 88.17574412805612
1737856177053.251 92.80521323370779 87.7262299060747
1737856177117.2668 94.48595390522415 82.68545841879808
1737856177174.314 94.93006399386447 80.97043400304642
1737856177234.927 93.9785694483179 81.08407943673677
1737856177298.466 92.52367584999594 86.91603111771649
1737856177360.634 91.68419540085856 88.78322427375439
1737856177422.662 90.36164489299068 89.23423602401037
1737856177487.0232 67.3662090897053 90.87726467263231
1737856177548.767 66.32249528945985 89.11707234000414
1737856177610.7869 70.90687850881336 91.14718483942733
1737856177674.618 72.68076242107047 90.27326030966334
1737856177739.1191 90.3688081428049 92.86176145937202
1737856177796.936 92.29304881380186 89.40341108412473
1737856177860.513 92.92328022597698 87.35517752405651
1737856177922.211 92.70322821367205 81.72971881105288
1737856177985.404 93.253812199375 81.29119847624169
1737856178046.322 93.18315678049206 84.89561558039715
1737856178110.069 92.58297468027948 89.827888681466
1737856178174.291 69.56354826290651 89.08614718610961
1737856178230.129 65.52351243309813 89.35727612597361
1737856178292.319 63.727884764568195 89.70405341282614
1737856178355.857 82.24728986947586 91.86812835187472
1737856178417.702 91.17201414131678 92.14146784657424
1737856178480.335 91.0214574698801 93.49657646400597
1737856178540.753 94.12478833094518 85.07149431286423
1737856178605.4448 92.35820598327567 77.81536729014601
1737856178666.2642 92.90623274144546 82.33349182668935
1737856178729.309 92.27418323500322 82.91000946792651
1737856178800.8179 92.99504086759822 87.45462421542867
1737856178852.8691 93.0419328889502 88.86197516468869
1737856178914.428 85.90030039944185 88.226682557732
1737856178976.1191 65.6072071050199 89.21663586640761
1737856179036.268 70.5997806256403 91.32684688559077
1737856179099.618 75.92273218687744 90.97356968781635
1737856179161.417 79.31313544177777 88.46024454636253
1737856179222.2878 91.2274491276642 89.21805158288919
1737856179286.897 93.47678219768623 87.55817581330838
1737856179347.368 93.35356782403485 83.5349564037143
1737856179408.241 92.94664874075625 83.0514956557772
1737856179471.91 92.82579920208445 86.56881103912045
1737856179532.9822 91.9627121065313 87.45866329463831
1737856179595.51 94.83667591964688 89.56789399870179
1737856179657.3638 79.27548097514187 91.7556925574261
1737856179720.433 65.77634934423304 90.88604118332803
1737856179780.01 65.61035344286162 91.83414114743219
1737856179843.694 89.97694244573154 92.40780931553945
1737856179907.9722 92.28232177408596 90.91841683789512
1737856179969.436 91.51508903145923 89.75869302873535
1737856180029.657 93.19289462500421 88.51748651930177
1737856180092.0369 92.69213312620924 85.487985681015
1737856180180.9321 91.14983913949747 87.44784803791173
1737856180252.476 94.48888615910055 88.40869980071004
1737856180310.225 92.72175259041194 89.206345594408
1737856180370.2559 88.0474747173211 89.19236249176201
1737856180435.883 84.99486770883188 92.244885911536
1737856180494.569 65.11084150318119 91.3058963856958
1737856180560.236 72.23521536580925 91.72698865404399
1737856180621.704 73.92064412947292 88.92615011915075
1737856180683.295 91.27438755112622 90.99724728988797
1737856180744.497 92.39157888291959 88.8347202615947
1737856180805.309 92.92673762198233 86.9436070860284
1737856180866.781 93.123140579712 81.53770584227163
1737856180930.6309 92.94796051652433 85.52683154913551
1737856180991.547 93.82045079272244 86.18854914004471
1737856181053.8 93.39755637713209 86.64160458747783
1737856181114.914 92.77997766801728 88.96790340170868
1737856181178.8992 64.3417025309294 88.65321606771109
1737856181239.255 64.36339647373136 89.09913215347225
1737856181303.585 67.11020232533309 88.36399220581205
1737856181363.586 86.79715909949097 92.07136703636935
1737856181423.38 90.22397020946643 90.79684062811279
1737856181494.663 92.04641526010775 90.06665061124562
1737856181559.205 92.27147452188527 89.05873411736685
1737856181627.634 92.52913047174553 85.20181076609293
1737856181686.881 92.71862359632244 85.32797784886175
1737856181748.462 94.13989398141611 88.44692899099427
1737856181809.0352 94.46044699279848 88.40079866788457
1737856181872.517 92.56380688423368 87.64816736031916
1737856181933.1929 85.4414109076351 88.37362802454115
1737856181993.863 63.91783102940505 88.46396496360931
1737856182058.711 72.34430669159002 88.94518937000576
1737856182117.806 75.83494661779278 89.70850878581649
1737856182182.729 89.87866156659143 90.15228184092372
1737856182243.154 91.85700326187154 90.21889687313107
1737856182306.367 92.9508857483982 86.82009865977912
1737856182368.734 91.69849949996795 80.45642861232349
1737856182429.444 93.15737278198358 85.03378632086547
1737856182491.219 92.67816333729985 87.47805823590771
1737856182555.199 93.78730960501747 89.20934678678455
1737856182625.041 83.75495661026416 87.79802975623015
1737856182679.838 69.75405010016597 89.11149583966804
1737856182739.458 59.98003060148837 85.75314834080828
1737856182801.2322 66.45177718370952 86.01192848047894
1737856182862.517 90.8433912852012 88.98998875694899
1737856182926.9568 92.11228805746751 91.03622390650912
1737856182985.734 91.58361308434912 89.33688096470306
1737856183047.9 92.08645338901002 78.6885219545114
1737856183110.416 91.8581569519709 80.5320035640053
1737856183171.0442 91.88766672740721 84.90438410053895
1737856183234.183 93.41010346407145 84.8574362206078
1737856183296.295 90.96131764216057 88.6608511483074
1737856183358.4558 87.13856806946491 88.70055792359418
1737856183421.633 72.63876678030842 90.18525877111884
1737856183483.252 67.69656826046918 90.13073890317146
1737856183544.121 73.4744024788366 88.9359436380702
1737856183604.056 78.98553587791056 91.87558896753919
1737856183666.568 90.71024526125684 93.03164028872904
1737856183728.2778 93.82306504596876 88.53127130341363
1737856183789.306 93.42908497265891 82.42886276860048
1737856183853.672 92.78014625814072 81.38138490218387
1737856183916.18 92.39665295699588 80.90986133383636
1737856183977.4639 92.59284081482664 89.91493119708518
1737856184035.9211 94.4821420494918 89.71025517534473
1737856184101.013 91.91008256354374 88.34782593674424
1737856184164.747 65.79385518247204 89.0938351936148
1737856184222.965 66.65082444466265 90.17014965021194
1737856184285.6099 68.89540706284045 90.012420429827
1737856184350.186 70.55204376236243 91.01781073789294
1737856184410.192 90.21560721951414 91.64992275954485
1737856184473.4868 92.11310738009911 89.7058386312698
1737856184534.019 91.1818547931169 86.84015758663651
1737856184598.378 92.69316535778883 81.09125885672478
1737856184662.4602 91.63751833188005 81.36740212965168
1737856184722.871 92.69981229479053 87.18962501700108
1737856184785.31 93.04034407785504 86.8693789478051
1737856184845.628 88.65332704357458 87.95998308739838
1737856184910.08 84.49396092647784 89.91735049897315
1737856184967.715 69.00407158018228 88.76561851849945
1737856185035.1619 74.60422730480941 88.8495409590751
1737856185094.792 76.12287741744383 88.51535858248893
1737856185157.28 88.99135356305051 93.66189523928975
1737856185220.9019 91.13873036476487 93.02231355879815
1737856185285.777 92.91626666192424 84.22427299056801
1737856185345.01 93.13486559509049 80.5396160000744
1737856185407.2559 93.15331263284773 80.86864447636682
1737856185469.169 92.7903697640711 87.1850420727061
1737856185533.129 92.95738455943201 88.5822145947841
1737856185595.677 93.44332633280067 88.60545333170775
1737856185657.244 88.82602361283986 89.62341748656664
1737856185723.147 65.32404756374052 89.66153474717403
1737856185779.612 67.37886884882712 91.93918523156812
1737856185840.489 65.3792297444149 90.91535999872987
1737856185899.704 91.97388449030419 95.0376144239601
1737856185965.7112 89.47803336949741 91.80486752897849
1737856186037.898 89.81947274589214 90.3387108444111
1737856186104.419 92.46925446706523 83.10236420462293
1737856186165.008 92.79964750141758 85.72882612283202
1737856186227.356 91.88733489979083 84.1351663830903
1737856186288.7139 86.4920296323516 87.79681620107878
1737856186349.3481 85.3185491028562 87.15866673961435
1737856186414.437 77.064272112156 88.94213686857924
1737856186475.065 72.65562927764141 89.08745363706184
1737856186534.022 68.99944838095574 88.83056883978877
1737856186595.021 61.45579512909189 91.26963732767052
1737856186661.24 88.98881153752892 90.49492241777872
1737856186722.054 91.70325450457239 89.71822151538773
1737856186782.381 91.9964085409855 88.70612008089668
1737856186845.499 92.85597795508748 83.0481292803396
1737856186903.2048 92.6454299467463 79.43550628424337
1737856186990.339 92.49161424158406 86.94320164721981
1737856187046.488 92.24836226680844 86.76961058112407
1737856187107.488 91.60752657107139 87.3257061536168
1737856187171.669 66.13679775118936 86.0328488135576
1737856187232.055 64.781845925639 87.60368162941437
1737856187295.1428 65.51409548581523 89.32776989938058
1737856187354.496 78.4209780760487 87.66329947933565
1737856187418.866 86.4226968811527 88.65357010125364
1737856187478.51 87.12493849981718 94.65060377302814
1737856187540.8198 91.18363108298999 91.32395519958979
1737856187605.511 91.13270582633939 78.8224142178391
1737856187667.185 90.5725814993408 82.55651523276053
1737856187729.055 90.58088546654089 85.52914110293325
1737856187791.179 91.39838820877826 90.83538238585619
1737856187854.025 89.48931701153919 92.82044720151428
1737856187916.331 83.5867507952949 88.01746356475188
1737856187978.7742 77.93534063993789 88.80144825455197
1737856188039.123 67.39850534458424 89.46660323096798
1737856188100.926 65.5121334524615 87.78428109810632
1737856188162.205 71.70393856718938 87.67326067218411
1737856188225.927 91.28943292602692 91.18858749136328
1737856188288.244 92.01427438847178 89.20570947027926
1737856188348.855 92.68311687789742 85.23226006433171
1737856188403.472 91.14184211941799 80.78270577876769
1737856188469.838 91.8014403419237 83.14081123199914
1737856188529.378 92.23935672545653 87.62214660968304
1737856188592.4412 91.93540612888843 87.693299019338
1737856188654.9932 90.94965451352388 90.05265948438631
1737856188718.504 68.63469335216303 88.84833809691652
1737856188795.389 60.386026087649746 88.05496603159067
1737856188864.787 78.47612015758547 88.95839397952679
1737856188923.375 83.70176279322128 89.08953711186953
1737856188988.646 89.56960321970821 94.84029449652583
1737856189049.8271 91.41558175450179 94.03365145148369
1737856189113.834 92.1722488433923 87.16966055560125
1737856189174.0342 91.75666582038217 83.40963518918709
1737856189237.386 90.77811917636934 83.26024869154179
1737856189303.213 92.42457526015119 86.70409027465618
1737856189363.112 89.68191449607741 88.14613838235762
1737856189419.599 84.88406239218583 87.14619167696844
1737856189481.428 77.82225163448402 85.01378714163741
1737856189546.0752 61.48955325639052 86.9700050901262
1737856189604.008 63.94530567697977 88.18607515906217
1737856189668.75 52.65990885914452 90.58521914637545
1737856189729.4468 88.90660941953904 96.43032417010738
1737856189793.3481 92.68323041236216 90.3550017733418
1737856189855.818 91.43043771817953 90.86664437302066
1737856189917.56 91.95507967910272 87.72346019864119
1737856189979.831 91.5800572987931 86.82879849639072
1737856190037.971 92.56128228546433 87.68963974909337
1737856190101.5242 92.18345763485617 87.87808645233146
1737856190163.6902 84.74096904263105 90.23370045150769
1737856190224.729 70.32817128241017 87.53346806124406
